время	nd	gc*10^6	alpha	ntk	pk	pg	tgaz	tk	etai	etakad	etat	etamex	Gdiz	Gk	Gt	Meff	Mi	Mpot	Mnagr	Mosh	Mk	Mt	Lkad	Ltad	rho
0	1000	2430	1.65499	38000	4.3	3.6	958.503	487.614	0.398783	0.803606	0.915793	0.890082	5.75091	9.28402	4.17757	35006.2	39329.3	4323.01	32000	3.66574e+06	444.382	266.467	153060	277154	3.50377
0.01	1001.4	1153.32	3.58439	37624.3	4.57656	3.34813	708.54	502.75	0.458604	0.783722	0.920807	0.890368	5.91983	8.18107	4.58246	19113	21466.4	2353.4	32000	2.00426e+06	427.071	207.694	161189	193929	3.60162
0.02	995.734	1197.95	3.50761	37184.3	4.80084	3.09065	714.707	516.933	0.459674	0.761774	0.924692	0.889211	5.98312	6.73153	4.25703	19873.1	22349.1	2476.04	32000	2.07217e+06	380.188	185.195	167528	183190	3.66086
0.03	990.403	1239.71	3.41311	36819.2	4.95495	2.89375	723.491	528.33	0.460904	0.74238	0.926838	0.888123	5.99266	5.35581	3.94629	20595.8	23190.2	2594.45	32000	2.13602e+06	321.392	165.913	171762	174895	3.68643
0.04	985.39	1278.81	3.31767	36530.9	5.0508	2.74877	732.965	536.109	0.46196	0.728938	0.927927	0.8871	5.97836	4.39425	3.68535	21269.4	23976.3	2706.92	32000	2.19472e+06	274.748	150.824	174348	168715	3.69634
0.05	980.671	1315.43	3.22179	36307	5.10346	2.64422	742.926	541.596	0.462518	0.718262	0.928425	0.886137	5.94326	3.58492	3.48379	21881.2	24692.7	2811.59	32000	2.24703e+06	230.725	139.908	175753	164456	3.69232
0.06	976.217	1349.85	3.13099	36145.2	5.12076	2.56882	752.696	544.563	0.462628	0.711476	0.928622	0.885228	5.89998	3.02815	3.33322	22436	25344.9	2908.89	32000	2.29355e+06	198.147	132.171	176213	161621	3.68216
0.07	972.005	1382.27	3.04317	36025.6	5.11534	2.5139	763.833	546.341	0.462485	0.705806	0.928672	0.884368	5.84685	2.6705	3.21695	22945.4	25945.5	3000.12	32000	2.3355e+06	176.589	126.865	176069	160200	3.66481
0.08	968.016	1412.86	2.95964	35933.3	5.09589	2.47341	774.837	547.379	0.462122	0.700804	0.928656	0.883554	5.78837	2.44053	3.12751	23413.2	26498.9	3085.68	32000	2.37334e+06	162.473	123.18	175552	159588	3.64311
0.09	964.228	1441.81	2.88	35858.6	5.06798	2.44273	785.539	548.11	0.460238	0.695791	0.928613	0.882781	5.72555	2.29	3.05668	23774.8	26931.7	3156.9	32000	2.40056e+06	153.217	120.575	174807	159507	3.61772
0.1	960.599	1469.54	2.80388	35795.1	5.03508	2.41859	795.961	548.707	0.458335	0.690633	0.92856	0.882041	5.66004	2.18865	2.99837	24111.7	27336.3	3224.57	32000	2.42541e+06	147.046	118.677	173926	159776	3.58985
0.11	957.117	1496.15	2.73313	35738.6	4.99942	2.39883	805.834	548.952	0.456451	0.68615	0.928503	0.88133	5.59677	2.12611	2.94916	24427.7	27716.9	3289.16	32000	2.44829e+06	143.21	117.225	172966	160211	3.56263
0.12	953.774	1521.7	2.66905	35683.2	4.9638	2.38243	814.934	548.778	0.454642	0.682801	0.928446	0.880648	5.53947	2.11983	2.90746	24727.2	28078.4	3351.22	32000	2.46966e+06	142.909	116.099	172002	160708	3.53851
0.13	950.562	1546.26	2.60929	35626.9	4.92919	2.36846	823.535	548.6	0.45285	0.679546	0.928391	0.879992	5.48432	2.10761	2.87107	25008.6	28419.1	3410.51	32000	2.48935e+06	142.209	115.218	171061	161265	3.51512
0.14	947.473	1569.91	2.55279	35570.6	4.89533	2.35618	831.772	548.513	0.450932	0.676104	0.928338	0.879362	5.4299	2.0929	2.83843	25265.4	28731.5	3466.11	32000	2.50673e+06	141.391	114.503	170135	161861	3.49159
0.15	944.495	1592.74	2.49866	35514.7	4.86209	2.34492	840.493	548.603	0.448905	0.672234	0.928285	0.878754	5.3751	2.07679	2.80701	25500	29018.3	3518.35	32000	2.52206e+06	140.575	113.932	169222	162608	3.46725
0.16	941.619	1614.84	2.4475	35459.3	4.82945	2.33453	848.882	548.686	0.446812	0.668434	0.928232	0.878167	5.32185	2.06099	2.7779	25716	29283.8	3567.72	32000	2.53568e+06	139.769	113.429	168321	163342	3.44339
0.17	938.837	1636.27	2.39903	35404.7	4.79738	2.3247	856.884	548.763	0.444664	0.664699	0.928179	0.877599	5.27007	2.04567	2.75069	25915.3	29529.8	3614.46	32000	2.54779e+06	138.986	112.957	167432	164028	3.41999
0.18	936.142	1657.11	2.35296	35350.6	4.76587	2.31523	864.465	548.832	0.441962	0.66103	0.928124	0.877049	5.21968	2.0308	2.72504	26069.5	29724.1	3654.59	32000	2.55558e+06	138.225	112.489	166554	164644	3.39704
0.19	933.512	1677.56	2.30888	35297.2	4.7349	2.30593	871.649	548.895	0.439285	0.657424	0.928068	0.876513	5.17053	2.01624	2.70061	26215.3	29908.6	3693.34	32000	2.56266e+06	137.477	112.008	165687	165182	3.37453
0.2	930.961	1697.48	2.2682	35243.8	4.70466	2.29676	878.23	548.682	0.437454	0.654605	0.92801	0.875992	5.1257	2.02316	2.6776	26400.3	30137.6	3737.31	32000	2.57369e+06	138.04	111.496	164836	165600	3.35444
0.21	928.493	1716.8	2.23187	35187	4.67653	2.28813	884.061	548.109	0.435815	0.652942	0.927952	0.875488	5.08751	2.03676	2.65675	26585.6	30366.6	3781	32000	2.58489e+06	138.874	111.007	164041	165910	3.3383
0.22	926.106	1735.57	2.19651	35128.1	4.64983	2.27987	889.661	547.806	0.434165	0.650716	0.927894	0.875001	5.0486	2.03842	2.63698	26759.5	30582.2	3822.74	32000	2.5951e+06	139.051	110.549	163284	166196	3.3213
0.23	923.795	1753.8	2.16311	35068.4	4.62411	2.2718	894.901	547.478	0.432573	0.648648	0.927836	0.87453	5.01151	2.03485	2.61821	26926.9	30790.2	3863.26	32000	2.60482e+06	138.862	110.091	162551	166421	3.30515
0.24	921.557	1771.52	2.13112	35008.4	4.59911	2.26389	899.873	547.197	0.431012	0.646523	0.927776	0.874073	4.97521	2.02851	2.60024	27086.7	30989	3902.36	32000	2.61393e+06	138.51	109.633	161837	166599	3.28918
0.25	919.389	1788.76	2.10042	34948.2	4.5747	2.25604	904.601	546.956	0.429477	0.644347	0.927715	0.87363	4.93961	2.0207	2.58287	27239.1	31179.2	3940.09	32000	2.62245e+06	138.081	109.164	161136	166726	3.27334
0.26	917.288	1805.54	2.07095	34888	4.55082	2.2482	909.099	546.738	0.427919	0.642157	0.927651	0.873202	4.90478	2.01213	2.56601	27381.4	31357.5	3976.08	32000	2.63013e+06	137.612	108.68	160448	166801	3.25771
0.27	915.248	1821.91	2.04264	34827.8	4.52739	2.24036	913.384	546.534	0.426363	0.639972	0.927585	0.872785	4.87073	2.00315	2.5496	27516.2	31526.9	4010.68	32000	2.6372e+06	137.122	108.18	159770	166826	3.2423
0.28	913.268	1837.89	2.0154	34767.6	4.50439	2.2325	917.469	546.338	0.424869	0.637801	0.927517	0.872381	4.83744	1.99393	2.53358	27647.4	31691.9	4044.48	32000	2.64404e+06	136.619	107.663	159103	166802	3.22713
0.29	911.345	1853.48	1.98919	34707.3	4.48178	2.22461	921.367	546.148	0.423431	0.635646	0.927446	0.871989	4.8049	1.98458	2.51792	27775.1	31852.6	4077.49	32000	2.65066e+06	136.111	107.13	158444	166731	3.21218
0.3	909.479	1868.7	1.96395	34647	4.45953	2.21669	924.897	545.963	0.422048	0.63351	0.927373	0.871608	4.77308	1.97515	2.50286	27899.5	32009.2	4109.73	32000	2.65708e+06	135.599	106.571	157794	166582	3.19746
0.31	907.667	1883.55	1.93962	34586.5	4.43764	2.20868	927.951	545.783	0.420716	0.631387	0.927296	0.871238	4.74193	1.96558	2.48843	28020.5	32161.7	4141.2	32000	2.66329e+06	135.08	105.971	157151	166327	3.18293
0.32	905.91	1898.03	1.91757	34525.2	4.41632	2.20064	930.405	545.277	0.419526	0.630153	0.927217	0.87088	4.71494	1.96869	2.47488	28144.4	32317.3	4172.82	32000	2.66989e+06	135.257	105.334	156524	165954	3.17095
0.33	904.208	1912.13	1.89662	34462.1	4.39596	2.19275	932.629	544.774	0.418399	0.629011	0.927136	0.870532	4.68924	1.97212	2.46193	28266.1	32469.9	4203.8	32000	2.67639e+06	135.464	104.709	155922	165547	3.1596
0.34	902.557	1925.89	1.87198	34399.2	4.37571	2.1846	935.24	545.402	0.417016	0.625	0.927051	0.870195	4.65309	1.93027	2.44822	28364.4	32595.4	4231.04	32000	2.6808e+06	133.171	104.072	155322	165175	3.14098
0.35	900.95	1939.36	1.84815	34340.3	4.35383	2.17545	937.694	545.802	0.415966	0.621377	0.926952	0.869867	4.61778	1.89279	2.43356	28480.2	32740.8	4260.65	32000	2.68695e+06	131.02	103.293	154671	164662	3.1227
0.36	899.399	1952.43	1.82641	34283.3	4.33131	2.16594	939.859	545.768	0.415174	0.618761	0.926845	0.869551	4.5863	1.87077	2.41895	28607.1	32898.7	4291.61	32000	2.69428e+06	129.693	102.451	153999	164051	3.10677
0.37	897.904	1965.08	1.80599	34226.8	4.30864	2.15636	941.831	545.542	0.414438	0.616595	0.926734	0.869246	4.55684	1.85554	2.40461	28731.4	33053.2	4321.85	32000	2.70148e+06	128.732	101.588	153320	163390	3.09194
0.38	896.465	1977.33	1.78692	34170.4	4.28603	2.14687	943.615	545.126	0.413761	0.614893	0.926621	0.868952	4.52954	1.84383	2.39072	28853.5	33204.9	4351.44	32000	2.70862e+06	127.916	100.725	152640	162695	3.07835
0.39	895.076	1989.21	1.76851	34113.8	4.26358	2.13752	945.29	544.695	0.412671	0.613232	0.926506	0.868669	4.50283	1.83355	2.37724	28940.9	33316.4	4375.49	32000	2.71261e+06	127.192	99.8752	151962	161988	3.06495
0.4	893.726	2000.84	1.75062	34056.8	4.24133	2.12828	946.877	544.262	0.411569	0.611586	0.926388	0.868393	4.47657	1.82397	2.36409	29023.2	33421.7	4398.53	32000	2.71622e+06	126.516	99.0342	151288	161268	3.05169
0.41	892.411	2012.25	1.73321	33999.5	4.21929	2.11912	948.38	543.826	0.410461	0.609955	0.926268	0.868125	4.45077	1.81478	2.35123	29101.1	33521.8	4420.7	32000	2.71951e+06	125.868	98.2003	150618	160535	3.03856
0.42	891.13	2023.45	1.71626	33941.8	4.19748	2.11004	949.805	543.389	0.409349	0.608341	0.926146	0.867863	4.4254	1.80583	2.33863	29175	33617	4442.04	32000	2.7225e+06	125.236	97.372	149952	159788	3.02559
0.43	889.881	2034.45	1.69974	33883.7	4.17588	2.10101	951.156	542.949	0.408235	0.606743	0.926021	0.867608	4.40046	1.79705	2.32628	29245.1	33707.7	4462.62	32000	2.72522e+06	124.617	96.5482	149290	159027	3.01276
0.44	888.663	2045.26	1.68364	33825.2	4.15449	2.09205	952.437	542.508	0.407118	0.605161	0.925893	0.86736	4.37593	1.78841	2.31414	29311.7	33794.2	4482.47	32000	2.72768e+06	124.009	95.7286	148633	158252	3.00007
0.45	887.474	2055.91	1.66763	33768.6	4.13246	2.0831	953.664	542.047	0.405971	0.60353	0.925762	0.867117	4.35106	1.74094	2.30217	29373.1	33874.4	4501.33	32000	2.72974e+06	120.692	94.9042	147952	157463	2.98702
0.46	886.31	2066.41	1.65182	33716.9	4.1087	2.07409	954.804	541.404	0.404806	0.602113	0.925627	0.86688	4.32614	1.70827	2.29027	29430.4	33949.8	4519.4	32000	2.73147e+06	118.296	94.0525	147216	156643	2.97381
0.47	885.172	2076.78	1.63636	33667	4.08444	2.06504	955.863	540.67	0.403602	0.600838	0.925487	0.866647	4.30163	1.69415	2.27849	29482.2	34018.6	4536.48	32000	2.73277e+06	117.138	93.1882	146461	155798	2.96077
0.48	884.055	2087.04	1.62121	33616.9	4.0604	2.05595	956.733	539.934	0.402353	0.599574	0.925343	0.866419	4.27747	1.68958	2.26695	29528.4	34081	4552.56	32000	2.7336e+06	116.642	92.3111	145710	154911	2.94785
0.49	882.958	2097.21	1.60646	33565.6	4.03694	2.04678	957.189	539.208	0.40112	0.59834	0.925194	0.866196	4.25391	1.69003	2.25585	29573.8	34142.1	4568.37	32000	2.7344e+06	116.5	91.4079	144974	153940	2.93526
0.5	881.882	2107.29	1.59214	33512.5	4.01422	2.03756	957.605	538.497	0.39991	0.597145	0.925041	0.865976	4.23109	1.69318	2.24479	29618.7	34202.6	4583.98	32000	2.73522e+06	116.557	90.5032	144258	152950	2.92308
0.51	880.825	2117.28	1.57828	33457.3	3.99234	2.02838	957.987	537.805	0.398724	0.595995	0.924884	0.86576	4.20908	1.69788	2.23384	29663.4	34262.8	4599.43	32000	2.73606e+06	116.737	89.6067	143566	151953	2.91136
0.52	879.788	2127.16	1.56487	33399.7	3.97134	2.01929	958.338	537.134	0.397565	0.594891	0.924726	0.865549	4.18788	1.70352	2.22307	29708	34322.7	4614.74	32000	2.73695e+06	116.999	88.7263	142899	150954	2.90011
0.53	878.771	2136.96	1.55193	33339.8	3.95123	2.01036	958.663	536.485	0.396433	0.593833	0.924566	0.865341	4.16753	1.70979	2.21253	29752.7	34382.6	4629.92	32000	2.7379e+06	117.321	87.868	142258	149962	2.88935
0.54	877.774	2146.65	1.53943	33277.4	3.93201	2.00161	958.964	535.859	0.395329	0.592822	0.924406	0.865138	4.148	1.7165	2.20225	29797.4	34442.4	4644.98	32000	2.7389e+06	117.693	87.0366	141643	148983	2.87908
0.55	876.798	2156.24	1.52759	33212.4	3.91367	1.99311	959.224	535.189	0.394277	0.592028	0.924247	0.864938	4.12988	1.72378	2.19232	29843.9	34504.1	4660.18	32000	2.74013e+06	118.089	86.2368	141054	148019	2.8697
0.56	875.844	2165.69	1.51743	33145.2	3.89622	1.9851	959.351	534.158	0.393383	0.592243	0.924093	0.864744	4.11592	1.7329	2.1831	29900	34576.8	4676.73	32000	2.74229e+06	118.438	85.4932	140492	147088	2.86311
0.57	874.915	2174.98	1.50773	33075.6	3.87965	1.97769	959.461	533.147	0.392522	0.592524	0.923949	0.864554	4.10282	1.74246	2.17459	29956.1	34649.2	4693.09	32000	2.74452e+06	118.831	84.8229	139957	146221	2.85703
0.58	874.011	2184.12	1.49847	33003.9	3.86395	1.97082	959.56	532.16	0.391693	0.592858	0.923813	0.86437	4.09053	1.75229	2.16671	30012	34721.3	4709.26	32000	2.74681e+06	119.258	84.2185	139448	145413	2.85141
0.59	873.121	2193.22	1.48356	32934.2	3.84739	1.96346	960.122	532.893	0.390257	0.588728	0.923664	0.864188	4.06254	1.69161	2.15775	30020.2	34738	4717.85	32000	2.74475e+06	115.733	83.5708	138910	144611	2.83479
0.6	872.242	2202.28	1.47278	32870	3.82873	1.95575	960.184	532.094	0.389241	0.588148	0.923506	0.864009	4.04559	1.64876	2.14896	30059.6	34790.8	4731.26	32000	2.74559e+06	112.637	82.846	138302	143687	2.82581
0.61	871.38	2211.26	1.46176	32810.1	3.80858	1.94812	960.174	531.227	0.388189	0.587523	0.923346	0.863833	4.02773	1.61524	2.14033	30094.4	34838.3	4743.84	32000	2.74606e+06	110.139	82.1143	137643	142757	2.81612
0.62	870.532	2220.19	1.45061	32753.3	3.78737	1.94044	960.104	530.307	0.38711	0.586864	0.923183	0.86366	4.00924	1.58821	2.1317	30125.8	34881.6	4755.77	32000	2.74625e+06	108.056	81.366	136946	141808	2.80592
0.63	869.698	2229.06	1.4394	32699	3.76542	1.93266	959.981	529.347	0.386011	0.586183	0.923014	0.863489	3.99032	1.56571	2.12301	30154.5	34921.7	4767.18	32000	2.74622e+06	106.261	80.5967	136222	140834	2.79536
0.64	868.875	2237.9	1.42816	32646.6	3.74293	1.92476	959.811	528.357	0.38476	0.585484	0.922839	0.863321	3.97111	1.54633	2.11421	30170.1	34946.6	4776.45	32000	2.74505e+06	104.664	79.8057	135477	139834	2.78454
0.65	868.055	2246.79	1.41689	32595.7	3.72005	1.91674	959.603	527.341	0.383407	0.584774	0.922659	0.863154	3.95168	1.5291	2.1053	30177.6	34962	4784.41	32000	2.74314e+06	103.203	78.9937	134716	138808	2.77353
0.66	867.239	2255.73	1.4056	32546	3.69687	1.9086	959.433	526.303	0.382071	0.584054	0.922472	0.862988	3.9321	1.51337	2.09618	30186.3	34978.8	4792.53	32000	2.74135e+06	101.834	78.166	133942	137768	2.76238
0.67	866.427	2264.71	1.39432	32497.3	3.67347	1.90044	959.267	525.247	0.380755	0.583327	0.922282	0.862822	3.91241	1.4987	2.087	30196.2	34997	4800.83	32000	2.73968e+06	100.531	77.3321	133156	136722	2.75112
0.68	865.619	2273.73	1.38307	32449.6	3.64989	1.89215	958.616	524.174	0.379459	0.582595	0.922085	0.862657	3.89265	1.48473	2.07815	30207.4	35016.7	4809.31	32000	2.73814e+06	99.2694	76.4595	132361	135584	2.73979
0.69	864.816	2282.77	1.37185	32402.6	3.62617	1.8837	957.961	523.086	0.378185	0.581859	0.92188	0.862493	3.87285	1.47118	2.06908	30220	35038	4817.96	32000	2.73675e+06	98.0321	75.5663	131558	134422	2.72838
0.7	864.02	2291.84	1.36067	32356.8	3.60215	1.87515	957.297	521.966	0.376931	0.581134	0.921669	0.862331	3.85296	1.45299	2.05984	30233.8	35060.6	4826.77	32000	2.73547e+06	96.475	74.656	130740	133241	2.71687
0.71	863.23	2300.91	1.35012	32311.4	3.57814	1.86661	956.634	520.646	0.375762	0.580908	0.921455	0.862169	3.83474	1.45126	2.05056	30253.6	35090.1	4836.49	32000	2.73476e+06	95.9265	73.7453	129919	132056	2.7065
0.72	862.45	2309.96	1.34024	32259.2	3.55677	1.85826	956.044	519.465	0.374675	0.580708	0.921241	0.86201	3.81819	1.52451	2.04136	30279.3	35126.3	4847.08	32000	2.73461e+06	100.396	72.8736	129185	130902	2.69725
0.73	861.683	2318.96	1.33111	32198.8	3.53847	1.85032	955.538	518.448	0.373681	0.580535	0.921034	0.861854	3.80358	1.55869	2.03249	30311.1	35169.6	4858.56	32000	2.73505e+06	102.367	72.0688	128554	129807	2.68932
0.74	860.931	2327.89	1.32242	32134.3	3.52168	1.84286	955.074	517.512	0.372744	0.580378	0.920837	0.8617	3.78997	1.57146	2.02408	30346.1	35216.6	4870.45	32000	2.73582e+06	102.974	71.3284	127973	128777	2.68205
0.75	860.195	2336.74	1.31398	32068	3.50559	1.83586	954.63	516.61	0.371847	0.580226	0.920649	0.86155	3.77687	1.5725	2.01614	30382.8	35265.3	4882.48	32000	2.73678e+06	102.831	70.6431	127414	127803	2.67506
0.76	859.475	2345.49	1.30571	32001	3.48973	1.82924	954.192	515.718	0.370979	0.580077	0.920469	0.861403	3.76399	1.56712	2.0086	30420.2	35314.7	4894.5	32000	2.73786e+06	102.274	70.002	126862	126878	2.66817
0.77	858.772	2354.14	1.29754	31934.2	3.47385	1.82293	953.753	514.822	0.370133	0.579928	0.920295	0.86126	3.75118	1.55821	2.00138	30457.8	35364.2	4906.45	32000	2.739e+06	101.487	69.3947	126307	125991	2.66127
0.78	858.085	2362.7	1.28945	31867.9	3.45783	1.81687	953.31	513.913	0.369307	0.579778	0.920125	0.861119	3.73836	1.54739	1.99442	30495.3	35413.5	4918.25	32000	2.74018e+06	100.568	68.8123	125745	125133	2.65429
0.79	857.415	2371.16	1.28143	31802.4	3.44159	1.81099	952.862	512.989	0.368499	0.579625	0.919959	0.860983	3.72548	1.53554	1.98764	30532.6	35462.5	4929.9	32000	2.74139e+06	99.575	68.2473	125174	124295	2.64722
0.8	856.762	2379.51	1.27346	31737.8	3.4251	1.80525	952.406	512.046	0.367707	0.57947	0.919794	0.860849	3.71253	1.52312	1.98098	30569.6	35511	4941.38	32000	2.74262e+06	98.5368	67.694	124591	123473	2.64003
0.81	856.125	2387.77	1.26554	31674.3	3.40834	1.7996	951.943	511.084	0.36693	0.579312	0.919631	0.860719	3.69949	1.51042	1.97441	30606.3	35558.9	4952.67	32000	2.74387e+06	97.4708	67.148	123998	122661	2.63271
0.82	855.504	2395.93	1.25767	31612	3.3913	1.79403	951.473	510.102	0.366167	0.579152	0.919468	0.860593	3.68636	1.49757	1.96789	30642.5	35606.2	4963.77	32000	2.74512e+06	96.3863	66.6058	123392	121855	2.62527
0.83	854.899	2403.99	1.24984	31550.7	3.37399	1.78852	950.995	509.099	0.365418	0.57899	0.919305	0.860469	3.67313	1.48467	1.96139	30678.3	35652.9	4974.68	32000	2.74638e+06	95.2887	66.065	122774	121052	2.6177
0.84	854.31	2411.95	1.24205	31490.6	3.35641	1.78303	950.509	508.077	0.364682	0.578824	0.919141	0.860349	3.6598	1.47175	1.95489	30713.6	35699	4985.4	32000	2.74765e+06	94.1813	65.5237	122145	120252	2.61
0.85	853.736	2419.81	1.23438	31431.7	3.33856	1.77758	950.016	507.004	0.363966	0.57874	0.918976	0.860232	3.64663	1.45895	1.94838	30749	35745	4996.02	32000	2.74898e+06	93.0593	64.9814	121503	119453	2.60235
0.86	853.179	2427.56	1.22707	31374.1	3.32046	1.77225	949.822	505.799	0.363292	0.578964	0.918813	0.860118	3.63428	1.44664	1.94168	30786.3	35793.1	5006.81	32000	2.75051e+06	91.9113	64.4597	120850	118706	2.59523
0.87	852.639	2435.21	1.21981	31317.8	3.3021	1.76712	949.752	504.575	0.362629	0.579191	0.918654	0.860008	3.62185	1.43457	1.93504	30822.9	35840.3	5017.36	32000	2.75204e+06	90.7703	63.9604	120185	117998	2.58799
0.88	852.114	2442.74	1.21269	31261.5	3.28399	1.76213	949.683	503.364	0.361981	0.579415	0.918499	0.859901	3.6096	1.46267	1.92856	30859.2	35887	5027.74	32000	2.75359e+06	92.1711	63.4766	119526	117308	2.58084
0.89	851.606	2450.16	1.20611	31199.2	3.26837	1.75736	949.624	502.315	0.361386	0.579608	0.918349	0.859797	3.5988	1.49794	1.9223	30898.4	35936.8	5038.44	32000	2.75543e+06	94.0993	63.0293	118956	116647	2.57464
0.9	851.116	2457.45	1.19993	31133.2	3.25431	1.75289	949.57	501.37	0.360835	0.579782	0.918207	0.859697	3.58893	1.51727	1.91639	30939.4	35988.7	5049.32	32000	2.75751e+06	95.0738	62.6233	118441	116025	2.56906
0.91	850.649	2452.65	1.19984	31064.8	3.24124	1.74872	949.52	500.489	0.360844	0.579944	0.918073	0.859602	3.57969	1.52882	1.91084	30876.3	35919.3	5043.01	32000	2.75037e+06	95.5928	62.2563	117961	115443	2.56386
0.92	850.154	2447.58	1.20013	30994.9	3.22887	1.74472	949.473	499.612	0.360864	0.580217	0.917944	0.859501	3.57107	1.53669	1.90548	30810.6	35847.1	5036.49	32000	2.74292e+06	95.8839	61.9118	117505	114884	2.55917
0.93	849.629	2444.04	1.20049	30923.9	3.21706	1.74102	949.428	498.506	0.360906	0.581252	0.917824	0.859394	3.56478	1.54365	1.90051	30765.8	35799.4	5033.63	32000	2.73724e+06	96.01	61.605	117069	114366	2.55624
0.94	849.084	2440.52	1.20083	30852.1	3.20575	1.73766	949.385	497.47	0.360947	0.582181	0.917714	0.859282	3.55837	1.54959	1.89596	30721	35751.9	5030.92	32000	2.7315e+06	96.1047	61.3388	116650	113893	2.55328
0.95	848.518	2437.07	1.20116	30779.6	3.19488	1.73454	949.344	496.486	0.360987	0.583044	0.917611	0.859167	3.55194	1.55493	1.89171	30676.8	35705.2	5028.48	32000	2.72575e+06	96.1863	61.1016	116247	113453	2.55037
0.96	847.933	2433.71	1.20147	30706.4	3.18444	1.73159	949.304	495.548	0.361025	0.583856	0.917514	0.859048	3.54551	1.55984	1.88768	30633.5	35659.8	5026.33	32000	2.72003e+06	96.2627	60.8856	115858	113036	2.54751
0.97	847.329	2430.44	1.20177	30632.7	3.17441	1.72877	949.266	494.65	0.361063	0.584625	0.91742	0.858924	3.53911	1.5644	1.88381	30591.1	35615.6	5024.5	32000	2.71433e+06	96.337	60.6856	115484	112637	2.54472
0.98	846.706	2427.26	1.20206	30558.4	3.16476	1.72605	949.229	493.792	0.3611	0.585355	0.917329	0.858797	3.53274	1.56865	1.88005	30549.7	35572.7	5022.97	32000	2.70867e+06	96.4103	60.4979	115123	112251	2.54201
0.99	846.065	2424.17	1.20234	30483.6	3.15547	1.72341	949.193	492.97	0.361136	0.586046	0.91724	0.858666	3.52638	1.57258	1.87639	30509.2	35531	5021.73	32000	2.70303e+06	96.4829	60.3199	114776	111876	2.53936
1	845.406	2421.17	1.2026	30408.2	3.14654	1.72083	949.159	492.184	0.361171	0.5867	0.917153	0.858532	3.52005	1.57623	1.8728	30469.7	35490.4	5020.77	32000	2.69742e+06	96.5548	60.1495	114440	111508	2.53678
1.01	844.729	2415.58	1.20268	30332.7	3.13779	1.7182	949.126	491.952	0.36119	0.585712	0.917063	0.858394	3.50934	1.56206	1.86911	30395.9	35410.3	5014.32	32000	2.68874e+06	95.8107	59.9719	114111	111133	2.53108
1.02	844.015	2407.03	1.20261	30259.8	3.12798	1.7147	949.089	492.157	0.361195	0.583199	0.916944	0.858248	3.49376	1.53104	1.86418	30283.7	35285.5	5001.79	32000	2.67655e+06	94.2338	59.6815	113742	110634	2.52198
1.03	843.254	2399.67	1.20267	30189	3.11733	1.71065	949.048	491.985	0.361214	0.581651	0.916805	0.858093	3.4801	1.5103	1.85843	30187.2	35179.4	4992.21	32000	2.66561e+06	93.0928	59.3158	113339	110055	2.51439
1.04	842.451	2394.52	1.20291	30119.6	3.10613	1.7065	949.005	491.27	0.361249	0.581616	0.916661	0.857929	3.47004	1.49517	1.85249	30119.6	35107.4	4987.75	32000	2.65711e+06	92.0325	58.9323	112915	109459	2.5095
1.05	841.619	2389.47	1.20319	30051.5	3.09452	1.70249	948.961	490.468	0.361287	0.58176	0.916521	0.857759	3.46008	1.48197	1.84672	30053.3	35037.1	4983.71	32000	2.64865e+06	91.0472	58.5629	112474	108883	2.50478
1.06	840.757	2384.26	1.20347	29984.7	3.08256	1.69857	948.915	489.64	0.361327	0.581908	0.916383	0.857583	3.44982	1.46945	1.84104	29985	34964.5	4979.54	32000	2.63992e+06	90.0903	58.2	112019	108317	2.49991
1.07	839.866	2379.3	1.20379	29919.1	3.07029	1.69472	948.869	488.708	0.36137	0.582308	0.916247	0.857401	3.43991	1.45749	1.83542	29919.8	34896	4976.13	32000	2.63139e+06	89.1164	57.8415	111550	107760	2.49538
1.08	838.945	2374.24	1.20413	29854.8	3.05772	1.69094	948.821	487.744	0.361415	0.582739	0.916112	0.857213	3.42978	1.44565	1.82986	29853.3	34826	4972.69	32000	2.62266e+06	88.1357	57.4871	111069	107210	2.49076
1.09	837.996	2369.05	1.20447	29791.9	3.04486	1.68718	948.772	486.758	0.361461	0.583179	0.915977	0.85702	3.41938	1.43383	1.8243	29785.1	34754.3	4969.18	32000	2.61371e+06	87.1443	57.1316	110575	106662	2.48602
1.1	837.016	2363.73	1.20482	29730.2	3.03172	1.68342	948.722	485.749	0.361507	0.583629	0.915841	0.85682	3.40871	1.42197	1.81869	29715.1	34680.7	4965.59	32000	2.60452e+06	86.14	56.7714	110069	106112	2.48116
1.11	836.006	2358.28	1.20518	29670	3.01832	1.67963	948.671	484.718	0.36155	0.584089	0.915703	0.856613	3.39776	1.41006	1.813	29642.9	34604.8	4961.87	32000	2.59505e+06	85.1219	56.4037	109551	105557	2.47618
1.12	834.963	2352.67	1.20555	29611.2	3.00456	1.6758	948.618	483.659	0.361591	0.58456	0.915563	0.856401	3.3865	1.38831	1.80722	29568.4	34526.4	4957.97	32000	2.5853e+06	83.4987	56.0265	109017	104995	2.47105
1.13	833.887	2346.6	1.20596	29556.1	2.98973	1.6719	948.562	482.517	0.361635	0.585069	0.915419	0.856181	3.37454	1.3616	1.80128	29488.2	34441.5	4953.34	32000	2.57496e+06	81.54	55.6313	108441	104420	2.46551
1.14	832.776	2340.33	1.20638	29502.9	2.97446	1.6679	948.503	481.339	0.36168	0.585592	0.91527	0.855954	3.36221	1.35348	1.79513	29405.3	34353.8	4948.52	32000	2.56431e+06	80.6816	55.2173	107845	103827	2.45978
1.15	831.628	2334.13	1.20679	29450	2.9594	1.66379	948.078	480.175	0.361725	0.586108	0.915117	0.85572	3.34983	1.35499	1.78912	29323	34267	4944.04	32000	2.5536e+06	80.4031	54.7781	107254	103179	2.4541
1.16	830.444	2328.11	1.2072	29396.3	2.94486	1.65952	947.285	479.049	0.36177	0.586606	0.914956	0.855478	3.33756	1.36124	1.78314	29242.8	34182.9	4940.17	32000	2.54299e+06	80.4218	54.3068	106683	102465	2.4486
1.17	829.225	2322.36	1.20759	29341.4	2.93098	1.65517	946.529	477.974	0.361813	0.587082	0.914791	0.85523	3.32549	1.36968	1.77693	29165.5	34102.5	4937.03	32000	2.53254e+06	80.5905	53.8259	106135	101741	2.44333
1.18	827.972	2316.88	1.20796	29285.1	2.91783	1.65079	945.813	476.954	0.361855	0.587533	0.914623	0.854974	3.31366	1.37899	1.77059	29091.4	34026	4934.66	32000	2.52229e+06	80.833	53.3453	105614	101018	2.43832
1.19	826.687	2311.69	1.20831	29227.3	2.90541	1.64646	945.136	475.989	0.361896	0.587958	0.914456	0.854712	3.30207	1.38845	1.7642	29020.6	33953.7	4933.08	32000	2.51225e+06	81.109	52.8719	105121	100304	2.43357
1.2	825.37	2306.79	1.20865	29167.8	2.89371	1.6422	944.499	475.08	0.361935	0.588359	0.914291	0.854443	3.29073	1.39769	1.75783	28953.2	33885.4	4932.26	32000	2.50242e+06	81.3973	52.4102	104655	99603.5	2.42908
1.21	824.024	2302.17	1.20896	29106.9	2.88271	1.63804	943.899	474.223	0.361973	0.588736	0.914128	0.854168	3.27964	1.40653	1.75152	28888.9	33821.1	4932.19	32000	2.4928e+06	81.6863	51.9631	104216	98920.2	2.42485
1.22	822.65	2297.82	1.20926	29044.4	2.87237	1.63398	943.336	473.418	0.36201	0.58909	0.913968	0.853888	3.26879	1.41484	1.74529	28827.7	33760.6	4932.83	32000	2.48337e+06	81.9696	51.5323	103802	98255.9	2.42086
1.23	821.249	2293.73	1.20954	28980.5	2.86267	1.63004	942.807	472.66	0.362045	0.589423	0.913812	0.853602	3.25816	1.42259	1.73917	28769.5	33703.7	4934.15	32000	2.47413e+06	82.2433	51.1185	103412	97611.6	2.41711
1.24	819.823	2289.87	1.20981	28915.2	2.85356	1.62623	942.311	471.949	0.362075	0.589735	0.913659	0.853311	3.24775	1.42973	1.73316	28713.8	33649.8	4936.07	32000	2.46505e+06	82.5054	50.722	103045	96987.3	2.41358
1.25	818.372	2286.25	1.21006	28848.6	2.845	1.62253	941.845	471.28	0.362097	0.590028	0.91351	0.853015	3.23754	1.43626	1.72727	28660.1	33598.6	4938.51	32000	2.45609e+06	82.7545	50.3423	102700	96382.7	2.41025
1.26	816.898	2282.84	1.21029	28780.6	2.83698	1.61894	941.407	470.653	0.362118	0.590303	0.913365	0.852714	3.22752	1.44218	1.7215	28609	33550.5	4941.52	32000	2.44729e+06	82.9899	49.979	102376	95797.3	2.40713
1.27	815.402	2280.42	1.21057	28711.5	2.82944	1.61552	940.997	469.9	0.362144	0.59112	0.913226	0.852408	3.21895	1.44811	1.71593	28570.4	33517.3	4946.87	32000	2.43952e+06	83.1681	49.6384	102071	95238.3	2.40514
1.28	813.889	2278.43	1.21086	28641.4	2.82237	1.61235	940.612	469.136	0.36217	0.592092	0.913096	0.8521	3.21094	1.45376	1.71075	28537.2	33490.4	4953.24	32000	2.43216e+06	83.3245	49.3326	101784	94719.9	2.40361
1.29	812.362	2276.68	1.21114	28570.4	2.81574	1.60939	940.25	468.392	0.362195	0.593099	0.912975	0.851788	3.2032	1.45897	1.70586	28506.9	33467.1	4960.22	32000	2.42502e+06	83.4669	49.0544	101514	94234	2.40233
1.3	810.821	2275.04	1.21141	28498.6	2.80951	1.60659	939.911	467.694	0.362219	0.594052	0.912859	0.851474	3.19551	1.46365	1.70122	28477.6	33445.1	4967.48	32000	2.41794e+06	83.6014	48.7989	101261	93774.7	2.40112
1.31	809.268	2273.44	1.21166	28425.9	2.80366	1.60391	939.592	467.048	0.362242	0.594919	0.912748	0.851157	3.18781	1.46774	1.69672	28448.9	33423.8	4974.9	32000	2.41087e+06	83.7293	48.5595	101022	93334.7	2.39993
1.32	807.702	2271.89	1.21189	28352.6	2.79817	1.60131	939.293	466.451	0.362263	0.595702	0.912639	0.850837	3.18007	1.47125	1.69233	28420.4	33402.9	4982.47	32000	2.4038e+06	83.8498	48.3318	100798	92908.5	2.39874
1.33	806.121	2264.72	1.21168	28279.4	2.79257	1.59853	938.988	466.991	0.362246	0.592449	0.912523	0.850515	3.16329	1.43313	1.68758	28318.7	33295.9	4977.26	32000	2.3905e+06	82.1512	48.0773	100569	92452.5	2.39076
1.34	804.497	2261.74	1.21192	28210.8	2.78512	1.59506	938.582	466.36	0.362268	0.592868	0.912377	0.850183	3.15339	1.39819	1.68165	28272.1	33254.2	4982.04	32000	2.38176e+06	80.043	47.7211	100264	91882.2	2.38809
1.35	802.851	2258.38	1.21219	28144.7	2.77675	1.5917	938.126	465.65	0.362284	0.593339	0.912234	0.849847	3.14297	1.3785	1.6759	28220.3	33206.3	4986.02	32000	2.37253e+06	78.7673	47.3715	99920.9	91321.9	2.38509
1.36	801.183	2254.83	1.21248	28080.2	2.76792	1.58837	937.645	464.9	0.362298	0.593836	0.912092	0.849507	3.13225	1.36484	1.67018	28165.6	33155.2	4989.64	32000	2.36301e+06	77.8164	47.0212	99557.4	90762.7	2.3819
1.37	799.49	2251.14	1.21278	28016.8	2.75879	1.58504	937.147	464.126	0.362313	0.59435	0.91195	0.849161	3.1213	1.35355	1.66442	28109.3	33102.4	4993.13	32000	2.35331e+06	76.9888	46.667	99181.2	90200.7	2.37859
1.38	797.773	2247.36	1.21309	27954.3	2.74945	1.58169	936.638	463.333	0.362329	0.594876	0.911805	0.848811	3.11015	1.34317	1.65859	28051.7	33048.2	4996.54	32000	2.34344e+06	76.2037	46.3076	98795.2	89634.4	2.3752
1.39	796.03	2243.49	1.21341	27892.7	2.73992	1.57832	936.119	462.524	0.362345	0.595412	0.911659	0.848455	3.09881	1.3331	1.65268	27992.9	32992.8	4999.89	32000	2.33342e+06	75.4286	45.9422	98400.6	89062.9	2.37173
1.4	794.261	2239.53	1.21373	27831.9	2.73023	1.57492	935.591	461.701	0.362362	0.595958	0.911511	0.848094	3.0873	1.3231	1.64668	27933	32936.2	5003.21	32000	2.32325e+06	74.6506	45.5708	97997.8	88486	2.36818
1.41	792.465	2235.46	1.21406	27772.2	2.72027	1.5715	935.049	460.856	0.36238	0.596518	0.911362	0.847728	3.07556	1.30233	1.64059	27871.6	32878	5006.41	32000	2.3129e+06	73.2566	45.1927	97583.5	87903.1	2.36452
1.42	790.642	2230.97	1.21443	27715.6	2.70932	1.56803	934.452	459.925	0.362402	0.597135	0.911209	0.847356	3.06324	1.27497	1.63438	27805	32813.8	5008.85	32000	2.30207e+06	71.4534	44.7997	97126.2	87305.9	2.36048
1.43	788.79	2226.23	1.21482	27661	2.69782	1.56447	933.825	458.948	0.362425	0.597782	0.911051	0.846977	3.05055	1.26184	1.62798	27735.3	32746.2	5010.91	32000	2.29092e+06	70.4296	44.3903	96644.5	86692.1	2.35621
1.44	786.907	2221.43	1.21521	27607.2	2.68622	1.56085	933.193	457.962	0.362444	0.598435	0.910889	0.846593	3.03769	1.25587	1.62139	27664.4	32677.3	5012.92	32000	2.27961e+06	69.8031	43.9691	96157.5	86066.2	2.3519
1.45	784.992	2216.67	1.2156	27553.6	2.67476	1.55718	932.569	456.988	0.362453	0.59908	0.910725	0.846202	3.02478	1.25343	1.61465	27593.1	32608.2	5015.06	32000	2.2682e+06	69.3774	43.5413	95674.8	85433.9	2.34761
1.46	783.046	2211.99	1.21599	27499.9	2.66355	1.55351	931.958	456.034	0.362463	0.599711	0.910559	0.845805	3.01187	1.25265	1.6078	27522.7	32540.2	5017.53	32000	2.2568e+06	69.053	43.1112	95201	84799.9	2.3434
1.47	781.069	2207.42	1.21636	27445.8	2.65263	1.54984	931.363	455.104	0.362472	0.600325	0.910393	0.845402	2.99898	1.25261	1.60089	27453.4	32473.8	5020.39	32000	2.24544e+06	68.7797	42.6821	94738.1	84167.9	2.33929
1.48	779.061	2202.97	1.21673	27391.5	2.64202	1.5462	930.785	454.201	0.362481	0.600923	0.910227	0.844992	2.98614	1.25283	1.59396	27385.4	32409	5023.66	32000	2.23412e+06	68.5322	42.2563	94287.1	83540.4	2.33527
1.49	777.024	2198.63	1.21709	27336.7	2.63173	1.54259	930.224	453.324	0.362489	0.601502	0.910061	0.844576	2.97334	1.25309	1.58701	27318.6	32345.9	5027.32	32000	2.22284e+06	68.2979	41.8351	93848.2	82919	2.33135
1.5	774.957	2194.4	1.21744	27281.6	2.62174	1.53902	929.68	452.473	0.362496	0.602064	0.909896	0.844154	2.96058	1.25326	1.58006	27253	32284.4	5031.38	32000	2.21161e+06	68.0707	41.4196	93421.4	82304.7	2.32754
1.51	772.861	2190.29	1.21778	27226.1	2.61205	1.5355	929.152	451.648	0.362503	0.602609	0.909733	0.843727	2.94787	1.25331	1.57313	27188.7	32224.6	5035.84	32000	2.20042e+06	67.8475	41.0101	93006.3	81698	2.32383
1.52	770.737	2186.29	1.21811	27170.2	2.60266	1.53203	928.641	450.847	0.362509	0.603138	0.909571	0.843293	2.9352	1.2532	1.56622	27125.6	32166.3	5040.67	32000	2.18928e+06	67.6267	40.6068	92602.7	81099.1	2.32022
1.53	768.585	2182.4	1.21843	27113.9	2.59355	1.52856	927.579	450.07	0.362515	0.603651	0.909408	0.842854	2.92257	1.2529	1.55974	27063.7	32109.6	5045.89	32000	2.17819e+06	67.4067	40.1926	92210.3	80453.2	2.3167
1.54	766.406	2178.62	1.21875	27057.1	2.58472	1.52504	926.321	449.316	0.362522	0.604148	0.909242	0.842409	2.90998	1.25237	1.55322	27003	32054.5	5051.49	32000	2.16714e+06	67.1845	39.7663	91828.6	79781.2	2.31328
1.55	764.2	2174.93	1.21905	27000	2.57614	1.52151	925.101	448.584	0.36253	0.604631	0.909074	0.841959	2.89742	1.25161	1.54657	26943.5	32001	5057.46	32000	2.15614e+06	66.9602	39.3387	91457.2	79109.8	2.30995
1.56	761.968	2171.34	1.21935	26942.5	2.56781	1.51798	923.916	447.872	0.36254	0.6051	0.908906	0.841504	2.8849	1.25065	1.53985	26885.2	31948.9	5063.79	32000	2.14519e+06	66.7351	38.9135	91095.7	78443.4	2.3067
1.57	759.71	2167.86	1.21965	26884.5	2.55971	1.51449	922.765	447.178	0.36255	0.605565	0.908738	0.841043	2.87242	1.24952	1.5331	26828.1	31898.6	5070.5	32000	2.13429e+06	66.5093	38.4931	90743.7	77784.5	2.30355
1.58	757.428	2164.65	1.21995	26826.1	2.55185	1.51106	921.646	446.464	0.362563	0.606182	0.908572	0.840577	2.86027	1.24839	1.52637	26774.6	31852.6	5078.04	32000	2.12364e+06	66.2742	38.081	90400.9	77137.3	2.30072
1.59	755.121	2161.53	1.22024	26767.4	2.54421	1.50769	920.559	445.769	0.362578	0.606781	0.908408	0.840106	2.84814	1.24712	1.51969	26722.1	31808	5085.89	32000	2.11302e+06	66.0421	37.6785	90067.1	76503.1	2.29796
1.6	752.792	2158.49	1.22053	26708.4	2.53678	1.50438	919.502	445.095	0.362613	0.607364	0.908247	0.839631	2.83603	1.24574	1.51305	26672	31766.3	5094.33	32000	2.10255e+06	65.8127	37.2843	89741.9	75880.5	2.29527
1.61	750.442	2155.52	1.22081	26649	2.52956	1.50112	918.475	444.439	0.362649	0.60793	0.908087	0.839151	2.82393	1.24422	1.50645	26622.7	31725.8	5103.05	32000	2.09211e+06	65.5857	36.8976	89425.3	75268.6	2.29264
1.62	748.069	2152.63	1.22109	26589.3	2.52254	1.49791	917.477	443.802	0.362684	0.60848	0.907929	0.838667	2.81185	1.24259	1.49986	26574.2	31686.2	5112.03	32000	2.0817e+06	65.3609	36.518	89116.8	74666.6	2.29007
1.63	745.675	2149.81	1.22135	26529.2	2.51572	1.49474	916.506	443.183	0.362718	0.609015	0.907772	0.838179	2.79979	1.24082	1.4933	26526.4	31647.6	5121.26	32000	2.0713e+06	65.138	36.1449	88816.3	74073.9	2.28757
1.64	743.26	2147.05	1.22161	26468.9	2.50909	1.49162	915.562	442.581	0.362751	0.609536	0.907616	0.837686	2.78775	1.23894	1.48675	26479.2	31610	5130.75	32000	2.06092e+06	64.917	35.778	88523.6	73490	2.28513
1.65	740.824	2144.37	1.22187	26408.2	2.50263	1.48854	914.645	441.995	0.362783	0.610042	0.907462	0.837189	2.77571	1.23693	1.48021	26432.8	31573.3	5140.49	32000	2.05057e+06	64.6976	35.417	88238.4	72914.6	2.28274
1.66	738.368	2141.75	1.22211	26347.3	2.49636	1.4855	913.752	441.426	0.362815	0.610534	0.907309	0.836687	2.76369	1.2348	1.47369	26387	31537.4	5150.46	32000	2.04023e+06	64.4798	35.0617	87960.4	72347.3	2.28042
1.67	735.892	2139.2	1.22236	26286.1	2.49025	1.48249	912.883	440.872	0.362845	0.611013	0.907158	0.836182	2.75168	1.23256	1.46718	26341.8	31502.5	5160.67	32000	2.02991e+06	64.2635	34.7117	87689.5	71787.7	2.27815
1.68	733.396	2136.6	1.2226	26225.2	2.48407	1.47952	912.004	440.312	0.362876	0.611497	0.907007	0.835673	2.73957	1.2189	1.4607	26296.1	31467	5170.89	32000	2.01951e+06	63.449	34.3647	87414.9	71232.1	2.27584
1.69	730.88	2133.89	1.22286	26165.2	2.47763	1.47655	911.088	439.728	0.362909	0.612002	0.906856	0.835159	2.72728	1.20811	1.45421	26249	31430	5180.94	32000	2.00898e+06	62.7732	34.0163	87128.2	70674.5	2.27343
1.7	728.343	2131.12	1.22312	26105.8	2.47106	1.47358	910.154	439.132	0.362942	0.612518	0.906703	0.834641	2.71487	1.19944	1.44766	26201.1	31392	5190.94	32000	1.99835e+06	62.2017	33.6657	86835.1	70114.6	2.27097
1.71	725.785	2128.31	1.22338	26046.7	2.46442	1.47061	909.209	438.531	0.362976	0.613038	0.90655	0.834119	2.70235	1.19172	1.44105	26152.6	31353.5	5200.94	32000	1.98764e+06	61.6775	33.3134	86538.3	69552.9	2.26847
1.72	723.205	2125.48	1.22365	25988	2.45774	1.46763	908.259	437.925	0.36301	0.613562	0.906397	0.833593	2.68975	1.18443	1.43439	26103.7	31314.7	5210.99	32000	1.97688e+06	61.1742	32.9599	86239.2	68990.4	2.26594
1.73	720.604	2122.62	1.22392	25929.5	2.45104	1.46466	907.305	437.318	0.363045	0.614088	0.906242	0.833062	2.67707	1.17733	1.42767	26054.5	31275.6	5221.09	32000	1.96606e+06	60.6798	32.6057	85938.4	68427.6	2.2634
1.74	717.981	2119.75	1.22419	25871.4	2.44432	1.46169	906.349	436.709	0.363079	0.614615	0.906087	0.832527	2.66431	1.1703	1.4209	26005.1	31236.3	5231.25	32000	1.95518e+06	60.1886	32.2511	85636.2	67865	2.26084
1.75	715.336	2116.85	1.22447	25813.7	2.43752	1.45872	905.383	436.094	0.363114	0.615148	0.905932	0.831987	2.65145	1.15606	1.4141	25955.1	31196.5	5241.42	32000	1.94423e+06	59.3251	31.8962	85330.3	67302.3	2.25825
1.76	712.669	2113.44	1.22479	25759.2	2.42959	1.45573	904.254	435.375	0.363155	0.61577	0.905774	0.831443	2.63801	1.10976	1.40729	25899.3	31149.8	5250.53	32000	1.93282e+06	56.7729	31.5305	84972.3	66723.1	2.25521
1.77	709.977	2109.49	1.22517	25708.3	2.42042	1.45264	902.95	434.545	0.363203	0.616489	0.905611	0.830893	2.62393	1.08049	1.40031	25837.1	31095.6	5258.48	32000	1.9209e+06	55.0502	31.1441	84557.3	66115.2	2.25167
1.78	707.257	2105.24	1.22557	25659.5	2.41061	1.44945	901.554	433.657	0.363254	0.617259	0.905442	0.830338	2.60947	1.06257	1.39306	25771.5	31037.4	5265.86	32000	1.90868e+06	53.8867	30.7396	84112	65483.7	2.24788
1.79	704.508	2100.86	1.22598	25611.9	2.40055	1.44619	900.123	432.746	0.363307	0.618048	0.905267	0.829777	2.5948	1.05205	1.38556	25704.3	30977.4	5273.06	32000	1.8963e+06	53.0938	30.3226	83654	64837.1	2.24397
1.8	701.729	2096.47	1.2264	25564.8	2.39049	1.44288	898.691	431.835	0.36336	0.618837	0.90509	0.82921	2.58004	1.04631	1.37787	25636.8	30917.1	5280.33	32000	1.88386e+06	52.5438	29.8995	83194.7	64183.5	2.24003
1.81	698.921	2092.13	1.22681	25517.8	2.38059	1.43956	897.283	430.939	0.363412	0.619613	0.904911	0.828637	2.56525	1.04358	1.37004	25569.7	30857.5	5287.84	32000	1.87141e+06	52.1517	29.4752	82741.2	63529.7	2.23614
1.82	696.083	2087.88	1.22721	25470.6	2.37094	1.43625	895.91	430.065	0.363464	0.62037	0.904732	0.828058	2.55048	1.04271	1.36214	25503.5	30799.2	5295.68	32000	1.85899e+06	51.8618	29.0538	82298.2	62880.5	2.23234
1.83	693.216	2083.75	1.2276	25423.1	2.3616	1.43297	894.582	429.221	0.363513	0.621102	0.904553	0.827473	2.53577	1.04293	1.3542	25438.6	30742.5	5303.93	32000	1.84662e+06	51.6373	28.6378	81868.2	62239.4	2.22863
1.84	690.321	2079.76	1.22798	25375.1	2.35261	1.42973	893.303	428.407	0.363562	0.621808	0.904376	0.826882	2.52111	1.04375	1.34626	25375.1	30687.7	5312.6	32000	1.83432e+06	51.4544	28.229	81452.9	61608.5	2.22505
1.85	687.397	2075.91	1.22835	25326.6	2.34397	1.42654	892.074	427.625	0.363608	0.622485	0.9042	0.826285	2.50654	1.04484	1.33834	25313.1	30634.8	5321.73	32000	1.82209e+06	51.2974	27.8285	81052.9	60989.2	2.2216
1.86	684.447	2072.21	1.2287	25277.6	2.33569	1.4234	890.896	426.876	0.363653	0.623134	0.904027	0.825683	2.49204	1.04598	1.33044	25252.7	30584	5331.3	32000	1.80993e+06	51.1559	27.4367	80668.6	60382	2.21827
1.87	681.47	2068.65	1.22904	25228.1	2.32777	1.42031	889.769	426.159	0.363696	0.623756	0.903855	0.825076	2.47763	1.04705	1.32259	25193.8	30535.1	5341.34	32000	1.79786e+06	51.0232	27.0539	80299.7	59787.2	2.21507
1.88	678.467	2065.24	1.22936	25178.1	2.32019	1.41728	888.691	425.473	0.363737	0.62435	0.903686	0.824463	2.4633	1.04796	1.31477	25136.4	30488.2	5351.82	32000	1.78586e+06	50.8948	26.68	79946.1	59204.7	2.212
1.89	675.44	2061.97	1.22968	25127.6	2.31294	1.4143	887.66	424.818	0.363777	0.624918	0.90352	0.823845	2.44904	1.04864	1.30701	25080.5	30443.2	5362.73	32000	1.77394e+06	50.7679	26.3147	79607.4	58634.1	2.20906
1.9	672.387	2058.83	1.22997	25076.6	2.30602	1.41138	886.675	424.191	0.363815	0.625461	0.903355	0.823222	2.43485	1.04906	1.29929	25026	30400.1	5374.07	32000	1.76209e+06	50.6404	25.9578	79282.9	58075	2.20623
1.91	669.311	2055.83	1.23026	25025.1	2.2994	1.4085	885.734	423.592	0.363852	0.62598	0.903192	0.822594	2.42074	1.04922	1.29161	24972.9	30358.8	5385.82	32000	1.7503e+06	50.5112	25.609	78972.2	57526.9	2.20353
1.92	666.212	2053.08	1.23055	24973.2	2.29308	1.40568	884.835	422.992	0.363888	0.626617	0.903032	0.821962	2.40688	1.04918	1.28401	24922.9	30321.3	5398.36	32000	1.73871e+06	50.3723	25.2689	78674.7	56990.9	2.2011
1.93	663.091	2050.45	1.23083	24920.9	2.28704	1.40291	883.975	422.419	0.363923	0.627225	0.902875	0.821325	2.39307	1.04886	1.27648	24874.1	30285.4	5411.25	32000	1.72718e+06	50.2314	24.9377	78389.8	56466.8	2.19877
1.94	659.948	2047.93	1.23109	24868.2	2.28126	1.4002	883.153	421.871	0.363957	0.627807	0.90272	0.820683	2.37931	1.04827	1.26901	24826.4	30250.9	5424.49	32000	1.71569e+06	50.0878	24.614	78117	55953	2.19654
1.95	656.785	2045.51	1.23134	24815.1	2.27574	1.39752	882.368	421.347	0.363989	0.628363	0.902566	0.820038	2.36559	1.0474	1.26158	24779.8	30217.9	5438.08	32000	1.70426e+06	49.9412	24.2969	77855.7	55448.5	2.1944
1.96	653.601	2043.19	1.23159	24761.7	2.27046	1.39489	881.616	420.847	0.36402	0.628895	0.902414	0.819388	2.35192	1.04626	1.25419	24734.2	30186.2	5451.98	32000	1.69288e+06	49.7915	23.9861	77605.3	54952.4	2.19234
1.97	650.397	2040.97	1.23182	24708	2.2654	1.39229	880.897	420.368	0.36405	0.629404	0.902264	0.818734	2.33828	1.04485	1.24683	24689.5	30155.7	5466.21	32000	1.68154e+06	49.6385	23.6808	77365.4	54464.2	2.19037
1.98	647.173	2038.83	1.23204	24653.9	2.26056	1.38972	880.209	419.91	0.364078	0.629891	0.902115	0.818076	2.32468	1.04319	1.23949	24645.8	30126.5	5480.73	32000	1.67024e+06	49.4822	23.381	77135.4	53983.3	2.18847
1.99	643.93	2036.78	1.23226	24599.6	2.25593	1.38719	879.55	419.471	0.364106	0.630357	0.901967	0.817414	2.31111	1.04128	1.23218	24602.9	30098.5	5495.55	32000	1.65898e+06	49.3227	23.0861	76914.8	53509.2	2.18665
2	640.669	2034.81	1.23247	24545	2.25149	1.38469	878.919	419.051	0.364132	0.630804	0.90182	0.816749	2.29757	1.03914	1.22489	24560.9	30071.5	5510.65	32000	1.64776e+06	49.16	22.7959	76703.1	53041.6	2.18491
2.01	637.389	2032.92	1.23266	24490.2	2.24724	1.38221	878.313	418.648	0.364157	0.631233	0.901675	0.816079	2.28404	1.03677	1.21762	24519.6	30045.6	5526.01	32000	1.63657e+06	48.9943	22.5101	76499.9	52580.1	2.18322
2.02	634.091	2031.1	1.23285	24435	2.24316	1.37976	877.733	418.262	0.364181	0.631644	0.901531	0.815406	2.27054	1.03419	1.21037	24479.1	30020.8	5541.64	32000	1.62541e+06	48.8257	22.2285	76304.8	52124.3	2.18161
2.03	630.775	2029.35	1.23304	24379.7	2.23924	1.37734	877.176	417.892	0.364205	0.632038	0.901387	0.81473	2.25706	1.0314	1.20314	24439.3	29996.8	5557.52	32000	1.61428e+06	48.6544	21.9509	76117.2	51673.8	2.18005
2.04	627.442	2027.67	1.23321	24324.2	2.23548	1.37494	876.641	417.536	0.364227	0.632417	0.901245	0.814049	2.24359	1.02842	1.19591	24400.1	29973.8	5573.65	32000	1.60318e+06	48.4804	21.677	75937	51228.4	2.17856
2.05	624.091	2026.05	1.23338	24268.4	2.23187	1.37257	876.283	417.195	0.364249	0.63278	0.901104	0.813366	2.23013	1.02525	1.18861	24361.6	29951.6	5590.01	32000	1.5921e+06	48.3039	21.4091	75763.6	50797.5	2.17711
2.06	620.724	2024.43	1.23355	24212.8	2.22826	1.37025	876.155	416.854	0.36427	0.633143	0.900965	0.812678	2.21663	1.00376	1.18128	24323	29929.5	5606.44	32000	1.581e+06	47.2644	21.1511	75590.5	50388.8	2.17567
2.07	617.339	2022.38	1.23377	24159.8	2.22372	1.36794	875.993	416.425	0.364298	0.6336	0.900827	0.811988	2.2027	0.977511	1.17397	24279.6	29901.5	5621.85	32000	1.56957e+06	45.9627	20.8921	75371.9	49979.6	2.17385
2.08	613.935	2020.09	1.234	24108.5	2.21865	1.36562	875.812	415.946	0.364328	0.634111	0.900687	0.811293	2.1885	0.961231	1.16657	24233.4	29870.1	5636.7	32000	1.55795e+06	45.1103	20.6288	75127.4	49564.8	2.17181
2.09	610.51	2017.69	1.23426	24058	2.21334	1.36327	875.623	415.445	0.36436	0.634646	0.900545	0.810594	2.17414	0.950356	1.15906	24185.9	29837.2	5651.35	32000	1.54621e+06	44.5035	20.3617	74871.2	49145.1	2.16967
2.1	607.064	2015.25	1.23451	24008.1	2.20796	1.36091	875.432	414.937	0.364392	0.635188	0.900402	0.809891	2.1597	0.942381	1.15146	24137.8	29803.7	5665.97	32000	1.53443e+06	44.0304	20.0926	74611	48722	2.16749
2.11	603.597	2012.8	1.23477	23958.6	2.20259	1.35854	875.241	414.43	0.364425	0.635729	0.900258	0.809183	2.14521	0.935941	1.1438	24089.6	29770.3	5680.67	32000	1.52262e+06	43.6301	19.8227	74350.9	48297.4	2.16531
2.12	600.109	2010.38	1.23502	23909.2	2.19727	1.35617	875.051	413.929	0.364457	0.636264	0.900114	0.808471	2.13068	0.930296	1.13609	24041.5	29737	5695.5	32000	1.5108e+06	43.2694	19.5531	74093.1	47872.3	2.16315
2.13	597.505	2007.98	1.23527	23860.1	2.19202	1.35394	874.864	413.433	0.364489	0.636793	0.899977	0.80794	2.11933	0.925326	1.12878	26464.1	29704.1	3240	32000	1.65582e+06	42.9425	19.3005	73837.7	47469.5	2.161
2.14	595.066	2005.58	1.23552	23811.1	2.1868	1.35197	874.679	412.941	0.364521	0.637318	0.899856	0.807442	2.10859	0.921196	1.12232	26431.3	29671.3	3240	32000	1.64702e+06	42.6563	19.0828	73583.9	47113.4	2.15886
2.15	592.612	2003.22	1.23577	23762.2	2.18165	1.35012	874.495	412.456	0.364552	0.637836	0.899742	0.806941	2.09783	0.91754	1.11626	26398.8	29638.8	3240	32000	1.63821e+06	42.3947	18.8812	73332.8	46778.9	2.15675
2.16	590.144	2000.88	1.23601	23713.4	2.17658	1.34834	874.315	411.978	0.364583	0.638347	0.899633	0.806438	2.08707	0.914135	1.11037	26366.8	29606.8	3240	32000	1.62941e+06	42.1475	18.6876	73085.1	46455	2.15465
2.17	587.663	1998.58	1.23625	23664.8	2.1716	1.34659	874.137	411.509	0.364614	0.638848	0.899524	0.805931	2.07631	0.910848	1.10456	26335.1	29575.1	3240	32000	1.62061e+06	41.909	18.4982	72841.3	46136.7	2.15259
2.18	585.167	1996.31	1.23649	23616.2	2.16671	1.34486	873.963	411.048	0.364644	0.639341	0.899417	0.805422	2.06554	0.907603	1.09879	26304	29544	3240	32000	1.61182e+06	41.6756	18.3114	72601.4	45821.6	2.15056
2.19	582.658	1994.07	1.23672	23567.8	2.1619	1.34315	873.792	410.595	0.364674	0.639825	0.89931	0.80491	2.05477	0.904357	1.09304	26273.4	29513.4	3240	32000	1.60304e+06	41.4454	18.1262	72365.5	45508.6	2.14856
2.2	580.135	1991.88	1.23695	23519.4	2.15718	1.34144	873.624	410.151	0.364703	0.6403	0.899204	0.804395	2.044	0.901088	1.0873	26243.2	29483.2	3240	32000	1.59427e+06	41.2173	17.9423	72133.6	45197.2	2.14659
2.21	577.599	1989.7	1.23718	23471.3	2.15251	1.33974	873.458	409.711	0.364732	0.640771	0.899098	0.803877	2.03321	0.89133	1.08157	26213.3	29453.3	3240	32000	1.58549e+06	40.6943	17.7594	71903.5	44887	2.14463
2.22	575.05	1987.21	1.23744	23425	2.14719	1.33804	873.268	409.211	0.364765	0.641306	0.898991	0.803357	2.02212	0.862201	1.0758	26179.1	29419.1	3240	32000	1.57643e+06	39.2653	17.5743	71641.1	44574.2	2.1424
2.23	572.485	1984.37	1.23773	23380.9	2.14114	1.33631	873.053	408.642	0.364803	0.641915	0.898883	0.802834	2.01071	0.841601	1.06992	26140.1	29380.1	3240	32000	1.56707e+06	38.2031	17.3834	71342.4	44254.3	2.13985
2.24	569.903	1981.32	1.23805	23338.4	2.13466	1.33454	872.822	408.032	0.364843	0.642568	0.898771	0.802307	1.99908	0.827004	1.06391	26098.2	29338.2	3240	32000	1.5575e+06	37.4018	17.187	71021.4	43927.2	2.13711
2.25	567.302	1978.14	1.23838	23296.9	2.12794	1.33274	872.583	407.401	0.364885	0.643244	0.898658	0.801776	1.9873	0.816592	1.05777	26054.6	29294.6	3240	32000	1.5478e+06	36.7842	16.9865	70687.9	43594.3	2.13426
2.26	564.681	1974.91	1.23872	23256.1	2.12112	1.33093	872.34	406.759	0.364928	0.643931	0.898543	0.801241	1.97543	0.809069	1.05155	26010.2	29250.2	3240	32000	1.53802e+06	36.2952	16.7834	70348.6	43257.6	2.13135
2.27	562.042	1971.66	1.23906	23215.8	2.11429	1.3291	872.097	406.117	0.364971	0.644619	0.898427	0.800702	1.96349	0.803523	1.04526	25965.5	29205.5	3240	32000	1.5282e+06	35.8959	16.5789	70008.2	42918.6	2.12843
2.28	559.382	1968.43	1.2394	23175.8	2.10752	1.32727	871.856	405.481	0.365014	0.645301	0.898311	0.80016	1.95153	0.799313	1.03894	25921.1	29161.1	3240	32000	1.51837e+06	35.5589	16.3741	69669.8	42578.8	2.12552
2.29	556.703	1965.24	1.23973	23136.1	2.10084	1.32545	871.618	404.854	0.365057	0.645973	0.898195	0.799613	1.93955	0.795991	1.03258	25877.1	29117.1	3240	32000	1.50854e+06	35.265	16.1697	69335.5	42239	2.12264
2.3	554.005	1962.09	1.24006	23096.5	2.0943	1.32362	871.385	404.239	0.365098	0.646632	0.898078	0.799062	1.92758	0.793244	1.02621	25833.9	29073.9	3240	32000	1.49871e+06	35.0008	15.9662	69006.7	41899.8	2.1198
2.31	551.288	1959.01	1.24038	23057.1	2.08789	1.32181	871.157	403.637	0.365139	0.647277	0.897962	0.798508	1.9156	0.790855	1.01984	25791.4	29031.4	3240	32000	1.48891e+06	34.7572	15.764	68684.4	41561.8	2.11702
2.32	548.552	1955.98	1.2407	23017.7	2.08163	1.32	870.934	403.05	0.36518	0.647907	0.897846	0.797949	1.90364	0.788674	1.01347	25749.8	28989.8	3240	32000	1.47913e+06	34.5277	15.5632	68369	41225.3	2.11429
2.33	545.798	1953.02	1.241	22978.3	2.07553	1.31821	870.717	402.478	0.365219	0.648521	0.89773	0.797387	1.89169	0.786598	1.0071	25709	28949	3240	32000	1.46938e+06	34.3078	15.364	68060.9	40890.4	2.11162
2.34	543.026	1950.14	1.24131	22939	2.06959	1.31642	870.506	401.92	0.365257	0.649119	0.897615	0.796822	1.87975	0.784556	1.00074	25669.3	28909.3	3240	32000	1.45965e+06	34.0944	15.1666	67760.1	40557.2	2.10901
2.35	540.237	1947.32	1.2416	22899.7	2.06381	1.31465	870.3	401.377	0.365295	0.649702	0.8975	0.796252	1.86784	0.7825	0.994382	25630.4	28870.4	3240	32000	1.44996e+06	33.8855	14.9709	67466.7	40225.9	2.10646
2.36	537.43	1944.56	1.24189	22860.5	2.05818	1.31288	870.099	400.849	0.365331	0.650268	0.897386	0.79568	1.85594	0.780398	0.988038	25592.5	28832.5	3240	32000	1.44029e+06	33.6796	14.7769	67180.6	39896.3	2.10397
2.37	534.608	1941.88	1.24217	22821.2	2.0527	1.31113	869.904	400.335	0.365367	0.65082	0.897272	0.795104	1.84405	0.778229	0.981704	25555.5	28795.5	3240	32000	1.43066e+06	33.4756	14.5848	66901.7	39568.6	2.10154
2.38	531.768	1939.26	1.24244	22782	2.04737	1.30938	869.715	399.836	0.365402	0.651356	0.897158	0.794524	1.83219	0.77598	0.97538	25519.4	28759.4	3240	32000	1.42105e+06	33.273	14.3944	66629.8	39242.7	2.09916
2.39	528.913	1936.7	1.24271	22742.9	2.04219	1.30765	869.53	399.349	0.365436	0.651878	0.897045	0.793942	1.82034	0.773641	0.969066	25484.2	28724.2	3240	32000	1.41147e+06	33.0712	14.2057	66364.8	38918.6	2.09685
2.4	526.043	1934.24	1.24297	22703.7	2.03715	1.30593	869.35	398.871	0.36547	0.65242	0.896932	0.793356	1.80854	0.771222	0.962764	25450.2	28690.2	3240	32000	1.40194e+06	32.8687	14.0188	66106.4	38596.3	2.09462
2.41	523.158	1931.89	1.24324	22664.6	2.03224	1.30423	869.176	398.394	0.365503	0.653024	0.89682	0.792767	1.79682	0.76874	0.956493	25418	28658	3240	32000	1.39248e+06	32.6642	13.8343	65854.5	38276.6	2.09252
2.42	520.259	1929.59	1.24349	22625.5	2.02746	1.30253	869.006	397.929	0.365536	0.653613	0.896709	0.792175	1.78511	0.766167	0.950245	25386.5	28626.5	3240	32000	1.38305e+06	32.4603	13.6518	65609	37959.3	2.09047
2.43	517.346	1927.35	1.24375	22586.5	2.02281	1.30085	868.84	397.478	0.365568	0.654185	0.896598	0.791581	1.77341	0.763503	0.944012	25355.8	28595.8	3240	32000	1.37364e+06	32.2568	13.4711	65369.5	37643.9	2.08847
2.44	514.419	1925.17	1.24399	22547.5	2.01828	1.29918	868.679	397.038	0.365599	0.654742	0.896487	0.790983	1.76173	0.760748	0.937789	25325.8	28565.8	3240	32000	1.36426e+06	32.0536	13.2921	65136.1	37330.1	2.08651
2.45	511.479	1923.03	1.24423	22508.6	2.01387	1.29752	868.522	396.61	0.365629	0.655285	0.896377	0.790384	1.75006	0.757903	0.931576	25296.5	28536.5	3240	32000	1.35489e+06	31.8507	13.1146	64908.4	37017.8	2.0846
2.46	508.527	1920.95	1.24446	22469.7	2.00957	1.29587	868.369	396.193	0.365659	0.655814	0.896267	0.789781	1.73839	0.754969	0.92537	25267.9	28507.9	3240	32000	1.34555e+06	31.648	12.9386	64686.2	36707	2.08273
2.47	505.562	1918.92	1.24469	22430.9	2.00539	1.29422	868.22	395.787	0.365688	0.656329	0.896158	0.789176	1.72674	0.751949	0.919171	25240	28480	3240	32000	1.33623e+06	31.4455	12.7641	64469.5	36397.5	2.0809
2.48	502.585	1916.93	1.24491	22392.2	2.00131	1.29259	868.075	395.392	0.365716	0.65683	0.896049	0.788568	1.7151	0.748845	0.912979	25212.7	28452.7	3240	32000	1.32692e+06	31.2431	12.591	64258	36089.4	2.07912
2.49	499.596	1914.99	1.24513	22353.5	1.99734	1.29096	867.933	395.007	0.365744	0.657319	0.89594	0.787958	1.70347	0.74566	0.906793	25186.1	28426.1	3240	32000	1.31763e+06	31.0409	12.4193	64051.6	35782.5	2.07738
2.5	496.595	1913.09	1.24534	22314.9	1.99346	1.28934	867.795	394.632	0.365771	0.657796	0.895831	0.787346	1.69185	0.742397	0.900614	25160	28400	3240	32000	1.30836e+06	30.8388	12.249	63850.2	35477	2.07567
2.51	493.582	1911.24	1.24555	22276.3	1.98969	1.28773	867.661	394.266	0.365797	0.658261	0.895723	0.786731	1.68024	0.739057	0.89444	25134.5	28374.5	3240	32000	1.29911e+06	30.6368	12.0801	63653.5	35172.6	2.07401
2.52	490.559	1909.43	1.24575	22237.8	1.98601	1.28613	867.53	393.91	0.365823	0.658714	0.895615	0.786114	1.66864	0.735645	0.888271	25109.7	28349.7	3240	32000	1.28988e+06	30.435	11.9125	63461.4	34869.4	2.07238
2.53	487.525	1907.66	1.24595	22199.4	1.98241	1.28453	867.402	393.562	0.365848	0.659156	0.895507	0.785495	1.65704	0.731845	0.882108	25085.3	28325.3	3240	32000	1.28065e+06	30.2202	11.7463	63273.7	34567.4	2.07079
2.54	484.48	1905.75	1.24616	22161.9	1.97856	1.28294	867.265	393.189	0.365875	0.659631	0.8954	0.784873	1.64533	0.711261	0.87594	25059.1	28299.1	3240	32000	1.27133e+06	29.3051	11.5804	63072.1	34265.3	2.06907
2.55	481.423	1903.65	1.2464	22125.6	1.9743	1.28134	867.113	392.777	0.365905	0.660155	0.895291	0.78425	1.63345	0.697368	0.869716	25030.2	28270.2	3240	32000	1.26185e+06	28.6552	11.413	62849.1	33960.3	2.06718
2.56	478.353	1901.44	1.24664	22090.2	1.96984	1.27972	866.954	392.346	0.365937	0.660703	0.895181	0.783623	1.62147	0.687784	0.863426	24999.7	28239.7	3240	32000	1.25228e+06	28.178	11.2444	62615.2	33652.5	2.06518
2.57	475.27	1899.18	1.2469	22055.2	1.96531	1.2781	866.793	391.908	0.365969	0.661261	0.895071	0.782994	1.60943	0.680938	0.857085	24968.8	28208.8	3240	32000	1.24266e+06	27.812	11.0753	62377.2	33342.8	2.06315
2.58	472.173	1896.93	1.24715	22020.6	1.96079	1.27647	866.632	391.471	0.366001	0.661817	0.89496	0.782362	1.59737	0.675806	0.85071	24937.7	28177.7	3240	32000	1.23303e+06	27.5172	10.9063	62139.4	33032.2	2.06112
2.59	469.062	1894.7	1.2474	21986.2	1.95633	1.27485	866.473	391.041	0.366032	0.662366	0.894849	0.781727	1.5853	0.671724	0.844315	24907.1	28147.1	3240	32000	1.2234e+06	27.2676	10.738	61904.3	32721.6	2.05911
2.6	465.938	1892.51	1.24764	21952	1.95196	1.27323	866.318	390.619	0.366064	0.662904	0.894738	0.781089	1.57323	0.668266	0.837911	24876.9	28116.9	3240	32000	1.21378e+06	27.0463	10.5707	61673.5	32411.6	2.05713
2.61	462.801	1890.37	1.24788	21917.8	1.9477	1.27162	866.166	390.207	0.366094	0.663429	0.894627	0.780449	1.56117	0.665158	0.831505	24847.4	28087.4	3240	32000	1.20418e+06	26.8426	10.4047	61448	32102.3	2.0552
2.62	459.651	1888.28	1.24811	21883.7	1.94355	1.27001	866.018	389.807	0.366124	0.663939	0.894516	0.779806	1.54912	0.662227	0.825101	24818.7	28058.7	3240	32000	1.1946e+06	26.6498	10.2401	61228.3	31794.2	2.05331
2.63	456.488	1886.25	1.24834	21849.7	1.93952	1.26841	865.875	389.418	0.366152	0.664435	0.894406	0.779161	1.53708	0.659363	0.818703	24790.7	28030.7	3240	32000	1.18504e+06	26.4633	10.0771	61014.5	31487.3	2.05147
2.64	453.313	1884.27	1.24856	21815.7	1.93561	1.26682	865.736	389.041	0.366181	0.664916	0.894296	0.778513	1.52506	0.6565	0.812313	24763.4	28003.4	3240	32000	1.1755e+06	26.2806	9.91559	60806.8	31181.6	2.04968
2.65	450.126	1882.35	1.24877	21781.7	1.93182	1.26524	865.601	388.675	0.366208	0.665383	0.894186	0.777862	1.51305	0.653594	0.80593	24736.9	27976.9	3240	32000	1.16599e+06	26.0998	9.75564	60605.1	30877.3	2.04794
2.66	446.928	1880.48	1.24898	21747.8	1.92814	1.26366	865.47	388.32	0.366234	0.665836	0.894077	0.77721	1.50106	0.650623	0.799556	24711.2	27951.2	3240	32000	1.1565e+06	25.9199	9.59726	60409.2	30574.2	2.04625
2.67	443.718	1878.66	1.24918	21714	1.92457	1.2621	865.343	387.977	0.36626	0.666274	0.893968	0.776555	1.48908	0.647572	0.79319	24686.2	27926.2	3240	32000	1.14703e+06	25.7403	9.44043	60219	30272.5	2.04461
2.68	440.497	1876.9	1.24938	21680.1	1.92112	1.26054	865.22	387.644	0.366285	0.6667	0.893859	0.775897	1.47712	0.644434	0.786833	24661.9	27901.9	3240	32000	1.13759e+06	25.5605	9.28513	60034.4	29971.9	2.04301
2.69	437.266	1875.19	1.24957	21646.4	1.91777	1.25899	865.1	387.321	0.366309	0.667112	0.893751	0.775238	1.46517	0.641206	0.780483	24638.3	27878.3	3240	32000	1.12816e+06	25.3804	9.13134	59855.1	29672.6	2.04146
2.7	434.024	1873.52	1.24976	21612.7	1.91451	1.25744	864.984	387.007	0.366333	0.667513	0.893642	0.774576	1.45323	0.637889	0.774142	24615.3	27855.3	3240	32000	1.11876e+06	25.1998	8.97904	59681	29374.5	2.03995
2.71	430.772	1871.9	1.24994	21579	1.91136	1.2559	864.872	386.704	0.366356	0.667901	0.893535	0.773913	1.44131	0.634482	0.767807	24593	27833	3240	32000	1.10937e+06	25.0186	8.82822	59511.8	29077.5	2.03848
2.72	427.511	1870.33	1.25011	21545.5	1.9083	1.25438	864.763	386.409	0.366378	0.668278	0.893427	0.773247	1.42939	0.63099	0.76148	24571.3	27811.3	3240	32000	1.1e+06	24.8368	8.67884	59347.5	28781.6	2.03705
2.73	424.24	1868.8	1.25028	21512	1.90533	1.25285	864.657	386.123	0.3664	0.668643	0.89332	0.77258	1.41749	0.627413	0.75516	24550.2	27790.2	3240	32000	1.09064e+06	24.6545	8.53089	59187.9	28486.8	2.03566
2.74	420.96	1867.32	1.25045	21478.5	1.90244	1.25134	864.555	385.845	0.366421	0.668998	0.893213	0.77191	1.4056	0.623757	0.748846	24529.7	27769.7	3240	32000	1.08131e+06	24.4716	8.38435	59032.7	28193.1	2.03431
2.75	417.671	1865.87	1.25061	21445.2	1.89964	1.24983	864.455	385.575	0.366441	0.669343	0.893106	0.771239	1.39371	0.620023	0.742538	24509.8	27749.8	3240	32000	1.07199e+06	24.2882	8.23921	58881.8	27900.3	2.033
2.76	414.373	1864.46	1.25077	21411.9	1.89692	1.24833	864.358	385.314	0.366461	0.669678	0.892999	0.770566	1.38184	0.616215	0.736235	24490.3	27730.3	3240	32000	1.06268e+06	24.1042	8.09544	58735.1	27608.5	2.03172
2.77	411.066	1863.1	1.25092	21378.7	1.89427	1.24683	864.264	385.059	0.366481	0.670003	0.892893	0.769891	1.36997	0.612336	0.729938	24471.5	27711.5	3240	32000	1.05339e+06	23.9198	7.95303	58592.4	27317.7	2.03048
2.78	407.752	1861.76	1.25107	21345.6	1.8917	1.24534	864.172	384.812	0.3665	0.67032	0.892787	0.769215	1.35812	0.608389	0.723646	24453.1	27693.1	3240	32000	1.04411e+06	23.7349	7.81196	58453.6	27027.8	2.02927
2.79	404.429	1860.47	1.25121	21312.6	1.88921	1.24386	864.083	384.572	0.366518	0.670627	0.892681	0.768536	1.34626	0.604377	0.717358	24435.2	27675.2	3240	32000	1.03484e+06	23.5495	7.67223	58318.5	26738.7	2.02809
2.8	401.098	1859.2	1.25135	21279.7	1.88678	1.24238	863.997	384.338	0.366536	0.670926	0.892576	0.767857	1.33442	0.600303	0.711076	24417.7	27657.7	3240	32000	1.02559e+06	23.3637	7.53382	58187.1	26450.6	2.02694
2.81	397.76	1857.97	1.25149	21246.9	1.88441	1.24091	863.913	384.111	0.366553	0.671217	0.89247	0.767176	1.32259	0.59617	0.704797	24400.8	27640.8	3240	32000	1.01634e+06	23.1775	7.39671	58059.1	26163.2	2.02582
2.82	394.414	1856.78	1.25162	21214.1	1.88212	1.23944	863.831	383.89	0.36657	0.6715	0.892365	0.766493	1.31076	0.59198	0.698522	24384.2	27624.2	3240	32000	1.00711e+06	22.991	7.2609	57934.5	25876.7	2.02473
2.83	391.061	1855.61	1.25175	21181.5	1.87988	1.23798	863.751	383.675	0.366587	0.671775	0.89226	0.765808	1.29893	0.587735	0.692251	24368.1	27608.1	3240	32000	997890	22.804	7.12637	57813.2	25591	2.02367
2.84	387.702	1854.47	1.25188	21149.1	1.8777	1.23653	863.674	383.466	0.366603	0.672043	0.892155	0.765123	1.28711	0.583438	0.685984	24352.4	27592.4	3240	32000	988679	22.6167	6.99312	57695.1	25306	2.02263
2.85	384.335	1853.37	1.252	21116.7	1.87559	1.23508	863.599	383.262	0.366619	0.672303	0.89205	0.764436	1.2753	0.579091	0.67972	24337.1	27577.1	3240	32000	979477	22.4291	6.86113	57580	25021.8	2.02162
2.86	380.961	1852.29	1.25212	21084.4	1.87352	1.23363	863.525	383.064	0.366634	0.672557	0.891946	0.763747	1.26349	0.574696	0.673459	24322.2	27562.2	3240	32000	970285	22.2411	6.73041	57467.8	24738.3	2.02064
2.87	377.581	1851.23	1.25224	21052.3	1.87152	1.2322	863.454	382.871	0.366649	0.672804	0.891842	0.763057	1.25168	0.570256	0.667201	24307.7	27547.7	3240	32000	961101	22.0528	6.60094	57358.5	24455.5	2.01968
2.88	374.195	1850.21	1.25235	21020.3	1.86956	1.23076	863.384	382.683	0.366663	0.673045	0.891738	0.762366	1.23988	0.565771	0.660945	24293.5	27533.5	3240	32000	951926	21.8642	6.47271	57252	24173.4	2.01875
2.89	370.802	1849.19	1.25247	20988.4	1.86763	1.22933	863.315	382.497	0.366678	0.673283	0.891634	0.761674	1.22808	0.556248	0.654693	24279.4	27519.4	3240	32000	942750	21.4815	6.34569	57146.5	23891.9	2.01782
2.9	367.403	1848.03	1.2526	20957.5	1.86541	1.22791	863.338	382.285	0.366694	0.673555	0.89153	0.76098	1.21618	0.542105	0.648396	24263.3	27503.3	3240	32000	933489	20.9135	6.21973	57025.8	23613	2.01676
2.91	363.997	1846.74	1.25274	20927.4	1.86296	1.22648	863.45	382.049	0.366713	0.673857	0.891426	0.760285	1.2042	0.530689	0.642064	24245.5	27485.5	3240	32000	924155	20.4453	6.095	56892	23336.8	2.01558
2.92	360.583	1845.36	1.25289	20897.9	1.86036	1.22506	863.569	381.799	0.366732	0.674177	0.891322	0.759588	1.19217	0.521276	0.63571	24226.5	27466.5	3240	32000	914771	20.0512	5.97088	56749.7	23060.2	2.01433
2.93	357.16	1843.94	1.25305	20868.9	1.85767	1.22364	863.691	381.54	0.366752	0.674509	0.891217	0.75889	1.18009	0.513326	0.629333	24206.9	27446.9	3240	32000	905352	19.7118	5.84736	56602.3	22783	2.01303
2.94	353.729	1842.49	1.25321	20840.3	1.85493	1.22221	863.816	381.277	0.366773	0.674846	0.891113	0.75819	1.16798	0.506438	0.622937	24186.9	27426.9	3240	32000	895913	19.4126	5.72456	56452.3	22505.3	2.01171
2.95	350.289	1841.04	1.25338	20812	1.85218	1.22079	863.942	381.013	0.366793	0.675184	0.891008	0.757488	1.15586	0.500314	0.616526	24166.7	27406.7	3240	32000	886461	19.143	5.6026	56301.4	22227.3	2.01038
2.96	346.84	1839.58	1.25354	20784	1.84943	1.21936	864.067	380.75	0.366814	0.675522	0.890903	0.756784	1.14372	0.494735	0.610105	24146.6	27386.6	3240	32000	877002	18.8949	5.48158	56150.9	21949.1	2.00905
2.97	343.382	1838.14	1.2537	20756.3	1.84672	1.21794	864.191	380.489	0.366834	0.675856	0.890798	0.756078	1.13158	0.489542	0.603678	24126.6	27366.6	3240	32000	867542	18.6626	5.36158	56001.7	21670.8	2.00773
2.98	339.916	1836.71	1.25386	20728.8	1.84404	1.21653	864.313	380.232	0.366855	0.676185	0.890693	0.755371	1.11943	0.484617	0.597246	24107	27347	3240	32000	858083	18.4417	5.24267	55854.5	21392.5	2.00643
2.99	336.44	1835.31	1.25401	20701.5	1.84141	1.21511	864.433	379.98	0.366875	0.676509	0.890588	0.754661	1.10728	0.479874	0.590811	24087.6	27327.6	3240	32000	848627	18.2291	5.12489	55709.6	21114.3	2.00515
3	332.957	1833.94	1.25417	20674.4	1.83883	1.2137	864.55	379.732	0.366894	0.676827	0.890483	0.75395	1.09512	0.475251	0.584375	24068.5	27308.5	3240	32000	839176	18.0226	5.00827	55567.5	20836.2	2.00389
3.01	329.465	1832.59	1.25432	20647.5	1.83631	1.21229	864.665	379.49	0.366913	0.677137	0.890379	0.753238	1.08297	0.470702	0.577939	24049.9	27289.9	3240	32000	829731	17.8204	4.89284	55428.2	20558.3	2.00266
3.02	325.964	1831.27	1.25446	20620.7	1.83384	1.21089	864.778	379.253	0.366932	0.677441	0.890274	0.752523	1.07082	0.466197	0.571504	24031.6	27271.6	3240	32000	820293	17.6214	4.77862	55291.9	20280.5	2.00145
3.03	322.456	1829.98	1.25461	20594.1	1.83143	1.20949	864.888	379.022	0.36695	0.677738	0.890169	0.751807	1.05867	0.46171	0.565069	24013.7	27253.7	3240	32000	810861	17.4246	4.66562	55158.7	20003	2.00027
3.04	318.94	1828.72	1.25475	20567.7	1.82908	1.20809	864.995	378.796	0.366968	0.678027	0.890065	0.75109	1.04652	0.457226	0.558635	23996.3	27236.3	3240	32000	801436	17.2294	4.55385	55028.5	19725.7	1.99911
3.05	315.416	1827.48	1.25489	20541.5	1.82678	1.2067	865.1	378.576	0.366986	0.67831	0.88996	0.750371	1.03437	0.452734	0.552202	23979.2	27219.2	3240	32000	792018	17.0353	4.44332	54901.4	19448.6	1.99798
3.06	311.885	1826.28	1.25502	20515.5	1.82454	1.20531	865.202	378.361	0.367003	0.678585	0.889856	0.74965	1.02223	0.448225	0.545771	23962.6	27202.6	3240	32000	782608	16.8421	4.33404	54777.4	19171.7	1.99688
3.07	308.347	1825.11	1.25515	20489.6	1.82236	1.20393	865.301	378.152	0.367019	0.678854	0.889752	0.748928	1.01009	0.443694	0.539341	23946.3	27186.3	3240	32000	773204	16.6494	4.22601	54656.3	18895	1.99581
3.08	304.801	1823.96	1.25528	20463.9	1.82024	1.20255	865.398	377.948	0.367036	0.679115	0.889648	0.748204	0.997948	0.439137	0.532912	23930.4	27170.4	3240	32000	763806	16.4571	4.11923	54538.2	18618.6	1.99476
3.09	301.249	1822.84	1.2554	20438.4	1.81816	1.20117	865.493	377.749	0.367051	0.67937	0.889544	0.747479	0.98581	0.434552	0.526485	23915	27155	3240	32000	754415	16.2651	4.01372	54423	18342.4	1.99373
3.1	297.689	1821.75	1.25552	20413	1.81614	1.1998	865.585	377.555	0.367067	0.679619	0.88944	0.746753	0.973674	0.429939	0.520059	23899.8	27139.8	3240	32000	745031	16.0732	3.90947	54310.6	18066.4	1.99273
3.11	294.123	1820.69	1.25564	20387.9	1.81417	1.19843	865.675	377.367	0.367082	0.679861	0.889336	0.746025	0.961539	0.425295	0.513634	23885.1	27125.1	3240	32000	735652	15.8815	3.80649	54201	17790.7	1.99175
3.12	290.551	1819.65	1.25576	20362.9	1.81225	1.19706	865.762	377.183	0.367097	0.680098	0.889232	0.745296	0.949406	0.420622	0.50721	23870.7	27110.7	3240	32000	726280	15.6898	3.70479	54094.2	17515.2	1.9908
3.13	286.972	1818.64	1.25587	20338.1	1.81039	1.1957	865.847	377.003	0.367111	0.680328	0.889128	0.744566	0.937275	0.41592	0.500787	23856.7	27096.7	3240	32000	716913	15.4981	3.60435	53990	17239.9	1.98987
3.14	283.387	1817.65	1.25598	20313.5	1.80856	1.19434	865.93	376.829	0.367125	0.680552	0.889025	0.743834	0.925145	0.411189	0.494366	23843	27083	3240	32000	707551	15.3065	3.50521	53888.4	16964.9	1.98897
3.15	279.797	1816.69	1.25609	20289.1	1.80679	1.19298	866.011	376.659	0.367139	0.68077	0.888921	0.743101	0.913017	0.406429	0.487945	23829.7	27069.7	3240	32000	698195	15.1148	3.40734	53789.4	16690.1	1.98808
3.16	276.2	1815.75	1.25619	20264.9	1.80506	1.19163	866.09	376.493	0.367152	0.680983	0.888818	0.742367	0.90089	0.401642	0.481526	23816.7	27056.7	3240	32000	688844	14.9232	3.31076	53692.9	16415.5	1.98722
3.17	272.598	1814.83	1.2563	20240.9	1.80338	1.19028	866.167	376.332	0.367165	0.68119	0.888714	0.741632	0.888764	0.396829	0.475107	23804	27044	3240	32000	679498	14.7315	3.21547	53598.9	16141.2	1.98638
3.18	268.99	1813.94	1.2564	20217.1	1.80174	1.18893	866.241	376.175	0.367178	0.681391	0.888611	0.740896	0.87664	0.391989	0.46869	23791.7	27031.7	3240	32000	670156	14.5397	3.12148	53507.2	15867.1	1.98556
3.19	265.376	1813.07	1.25649	20193.5	1.80015	1.18759	866.314	376.022	0.36719	0.681588	0.888508	0.740158	0.864516	0.387125	0.462273	23779.6	27019.6	3240	32000	660819	14.3479	3.02879	53417.9	15593.2	1.98477
3.2	261.758	1812.22	1.25659	20170.1	1.79859	1.18625	866.385	375.873	0.367202	0.681779	0.888405	0.73942	0.852394	0.382236	0.455856	23767.9	27007.9	3240	32000	651487	14.1561	2.9374	53330.9	15319.6	1.98399
3.21	258.134	1811.36	1.25668	20147	1.79701	1.18492	866.457	375.721	0.367214	0.681973	0.888302	0.73868	0.840258	0.369878	0.449439	23755.9	26995.9	3240	32000	642145	13.6875	2.84729	53242.4	15046.2	1.9832
3.22	254.505	1810.32	1.2568	20125	1.79511	1.18358	866.544	375.539	0.367229	0.682207	0.888198	0.73794	0.828046	0.355669	0.443002	23741.5	26981.5	3240	32000	632733	13.1451	2.75816	53135.7	14772.6	1.98224
3.23	250.869	1809.16	1.25693	20103.8	1.79299	1.18224	866.641	375.335	0.367246	0.682469	0.888095	0.737198	0.815777	0.344755	0.436533	23725.4	26965.4	3240	32000	623272	12.7217	2.6699	53016.5	14498.1	1.98117
3.24	247.226	1807.93	1.25707	20083.2	1.79074	1.1809	866.743	375.12	0.367263	0.682745	0.887991	0.736454	0.803473	0.336041	0.43004	23708.4	26948.4	3240	32000	613780	12.3783	2.58262	52890.3	14223	1.98004
3.25	243.576	1806.67	1.25721	20063.1	1.78843	1.17956	866.848	374.899	0.367281	0.683029	0.887887	0.735709	0.791145	0.32879	0.423529	23690.9	26930.9	3240	32000	604270	12.0886	2.49643	52760.6	13947.4	1.97888
3.26	239.918	1805.39	1.25735	20043.4	1.78611	1.17823	866.954	374.676	0.367299	0.683315	0.887783	0.734963	0.778801	0.322506	0.417005	23673.2	26913.2	3240	32000	594750	11.8348	2.41145	52629.8	13671.5	1.97771
3.27	236.252	1804.12	1.25749	20024	1.78379	1.17689	867.06	374.454	0.367317	0.6836	0.887678	0.734215	0.766447	0.316856	0.410473	23655.5	26895.5	3240	32000	585226	11.6051	2.32772	52499.4	13395.5	1.97654
3.28	232.578	1802.86	1.25763	20004.9	1.78151	1.17555	867.164	374.235	0.367335	0.683882	0.887574	0.733465	0.754087	0.311617	0.403936	23638.1	26878.1	3240	32000	575701	11.3913	2.24532	52370.4	13119.3	1.97538
3.29	228.897	1801.63	1.25777	19986	1.77926	1.17422	867.267	374.02	0.367353	0.684158	0.88747	0.732714	0.741723	0.30664	0.397396	23620.9	26860.9	3240	32000	566177	11.1883	2.16426	52243.5	12843.3	1.97424
3.3	225.208	1800.42	1.25791	19967.4	1.77706	1.17289	867.367	373.806	0.36737	0.684451	0.887365	0.731961	0.729362	0.30183	0.390854	23604.3	26844.3	3240	32000	556660	10.9921	2.08459	52119.2	12567.3	1.97314
3.31	221.512	1799.26	1.25804	19949	1.77491	1.17156	867.465	373.594	0.367388	0.684768	0.887261	0.731206	0.717008	0.297123	0.384314	23588.3	26828.3	3240	32000	547153	10.8003	2.00635	51997.6	12291.5	1.97208
3.32	217.809	1798.13	1.25818	19930.9	1.77281	1.17024	867.561	373.388	0.367405	0.685078	0.887157	0.730451	0.704652	0.292471	0.377776	23572.6	26812.6	3240	32000	537649	10.6118	1.92953	51878.9	12016	1.97105
3.33	214.099	1797.03	1.25831	19913	1.77076	1.16892	867.654	373.186	0.367421	0.68538	0.887053	0.729694	0.692296	0.287846	0.371238	23557.4	26797.4	3240	32000	528149	10.4255	1.85413	51763.2	11740.6	1.97004
3.34	210.382	1795.95	1.25843	19895.3	1.76878	1.1676	867.744	372.991	0.367437	0.685674	0.886949	0.728935	0.67994	0.28323	0.364701	23542.5	26782.5	3240	32000	518654	10.2407	1.78015	51650.5	11465.4	1.96906
3.35	206.659	1794.91	1.25856	19877.8	1.76684	1.16629	867.833	372.8	0.367453	0.68596	0.886845	0.728175	0.667583	0.27861	0.358163	23528.1	26768.1	3240	32000	509162	10.0569	1.70759	51540.9	11190.3	1.96811
3.36	202.929	1793.89	1.25868	19860.6	1.76497	1.16497	867.918	372.615	0.367468	0.686237	0.886741	0.727414	0.655226	0.273978	0.351625	23514	26754	3240	32000	499674	9.87384	1.63646	51434.3	10915.4	1.96718
3.37	199.194	1792.9	1.25879	19843.6	1.76314	1.16367	868.001	372.436	0.367483	0.686507	0.886637	0.726652	0.642868	0.26933	0.345088	23500.3	26740.3	3240	32000	490190	9.69126	1.56676	51330.7	10640.6	1.96628
3.38	195.452	1791.94	1.25891	19826.9	1.76137	1.16236	868.082	372.262	0.367497	0.686768	0.886534	0.725888	0.630511	0.264663	0.33855	23487	26727	3240	32000	480711	9.50906	1.4985	51230.1	10366	1.9654
3.39	191.705	1791	1.25902	19810.4	1.75965	1.16106	868.16	372.093	0.367511	0.687022	0.88643	0.725123	0.618154	0.259976	0.332013	23474.1	26714.1	3240	32000	471234	9.32715	1.43168	51132.4	10091.5	1.96455
3.4	187.952	1790.1	1.25912	19794.1	1.75799	1.15976	868.236	371.929	0.367525	0.687268	0.886326	0.724357	0.605796	0.255267	0.325476	23461.5	26701.5	3240	32000	461762	9.14546	1.36631	51037.5	9817.21	1.96372
3.41	184.193	1789.22	1.25923	19778.1	1.75637	1.15846	868.31	371.77	0.367538	0.687507	0.886223	0.72359	0.593438	0.250536	0.318938	23449.4	26689.4	3240	32000	452293	8.96396	1.30238	50945.6	9543.08	1.96291
3.42	180.429	1788.36	1.25933	19762.3	1.75481	1.15717	868.381	371.616	0.367551	0.687738	0.886119	0.722822	0.581081	0.245785	0.312402	23437.6	26677.6	3240	32000	442828	8.78262	1.23991	50856.4	9269.11	1.96213
3.43	176.66	1787.54	1.25942	19746.8	1.7533	1.15588	868.45	371.467	0.367563	0.687962	0.886016	0.722053	0.568723	0.241013	0.305865	23426.1	26666.1	3240	32000	433365	8.60143	1.17889	50770	8995.31	1.96138
3.44	172.886	1786.73	1.25952	19731.5	1.75183	1.15459	868.517	371.323	0.367575	0.688179	0.885912	0.721283	0.556365	0.236221	0.299328	23415	26655	3240	32000	423907	8.42038	1.11934	50686.3	8721.67	1.96064
3.45	169.107	1785.96	1.25961	19716.5	1.75041	1.15331	868.582	371.183	0.367587	0.688388	0.885809	0.720512	0.544007	0.231409	0.292792	23404.3	26644.3	3240	32000	414451	8.23946	1.06125	50605.3	8448.21	1.95993
3.46	165.323	1785.21	1.2597	19701.7	1.74904	1.15202	868.644	371.049	0.367598	0.688591	0.885706	0.719739	0.531649	0.226579	0.286255	23393.9	26633.9	3240	32000	404998	8.05866	1.00463	50527	8174.91	1.95925
3.47	161.535	1784.48	1.25978	19687.2	1.74772	1.15074	868.705	370.918	0.367609	0.688787	0.885603	0.718966	0.519291	0.221731	0.279719	23383.9	26623.9	3240	32000	395548	7.87798	0.949482	50451.3	7901.78	1.95858
3.48	157.743	1783.78	1.25987	19672.9	1.74644	1.14947	868.763	370.793	0.367619	0.688976	0.885499	0.718192	0.506933	0.216866	0.273183	23374.2	26614.2	3240	32000	386101	7.69742	0.895808	50378.2	7628.83	1.95794
3.49	153.946	1783.1	1.25995	19658.9	1.7452	1.1482	868.819	370.672	0.36763	0.689158	0.885396	0.717418	0.494575	0.211984	0.266647	23364.8	26604.8	3240	32000	376657	7.51698	0.843613	50307.6	7356.05	1.95732
3.5	150.145	1782.45	1.26002	19645.2	1.74402	1.14692	868.874	370.555	0.367639	0.689333	0.885293	0.716642	0.482217	0.207087	0.260111	23355.8	26595.8	3240	32000	367215	7.33665	0.792899	50239.6	7083.44	1.95673
3.51	146.34	1781.82	1.2601	19631.8	1.74287	1.14566	868.926	370.442	0.367649	0.689503	0.88519	0.715865	0.469859	0.202176	0.253575	23347.1	26587.1	3240	32000	357776	7.15644	0.743669	50174	6811.01	1.95615
3.52	142.531	1781.22	1.26017	19618.6	1.74177	1.14439	868.976	370.334	0.367658	0.689665	0.885088	0.715088	0.4575	0.19725	0.24704	23338.7	26578.7	3240	32000	348340	6.97634	0.695928	50110.9	6538.75	1.9556
3.53	138.719	1780.65	1.26023	19605.6	1.74075	1.14313	869.023	370.234	0.367666	0.689816	0.884985	0.71431	0.445146	0.195508	0.240505	23330.9	26570.9	3240	32000	338910	6.90971	0.649682	50052.3	6266.67	1.95508
3.54	134.904	1780.2	1.26029	19592.6	1.73993	1.14187	869.06	370.153	0.367673	0.689938	0.884882	0.713531	0.432811	0.195467	0.233975	23324.7	26564.7	3240	32000	329499	6.90512	0.604966	50005.2	5994.91	1.95467
3.55	131.085	1779.87	1.26033	19579.4	1.73931	1.14062	869.088	370.093	0.367678	0.690028	0.884779	0.712752	0.420494	0.195436	0.227455	23320	26560	3240	32000	320109	6.9029	0.561803	49970.1	5723.6	1.95436
3.56	127.265	1779.64	1.26035	19566.2	1.73891	1.13937	869.106	370.054	0.367681	0.690088	0.884677	0.711972	0.408198	0.195416	0.220945	23316.9	26556.9	3240	32000	310740	6.90306	0.520195	49947	5452.82	1.95416
3.57	123.444	1779.54	1.26036	19552.9	1.73872	1.13812	869.115	370.035	0.367683	0.690116	0.884575	0.711193	0.395921	0.195406	0.214445	23315.5	26555.5	3240	32000	301390	6.9056	0.480141	49936	5182.58	1.95406
3.58	119.622	1779.55	1.26036	19539.6	1.73874	1.13688	869.114	370.036	0.367683	0.690113	0.884473	0.710413	0.383665	0.195407	0.207956	23315.6	26555.6	3240	32000	292061	6.91052	0.441636	49937	4912.91	1.95407
3.59	115.8	1779.67	1.26035	19526.1	1.73897	1.13565	869.104	370.059	0.367681	0.69008	0.884371	0.709633	0.37143	0.195418	0.201478	23317.3	26557.3	3240	32000	282751	6.91784	0.404677	49950	4643.83	1.95418
3.6	111.98	1779.91	1.26032	19512.5	1.7394	1.13441	869.084	370.102	0.367677	0.690015	0.88427	0.708853	0.359215	0.19544	0.195012	23320.7	26560.7	3240	32000	273461	6.92755	0.369258	49975.1	4375.35	1.9544
3.61	108.16	1780.27	1.26028	19498.9	1.74005	1.13319	869.054	370.165	0.367672	0.68992	0.884169	0.708074	0.347022	0.195473	0.188556	23325.6	26565.6	3240	32000	264190	6.93968	0.335373	50012.2	4107.49	1.95473
3.62	104.344	1780.74	1.26022	19485.1	1.74091	1.13197	869.015	370.249	0.367665	0.689793	0.884068	0.707295	0.33485	0.195516	0.182112	23332.1	26572.1	3240	32000	254939	6.95421	0.303017	50061.4	3840.26	1.95516
3.63	100.53	1781.33	1.26015	19471.2	1.74197	1.13075	868.967	370.354	0.367656	0.689635	0.883967	0.706516	0.3227	0.19557	0.17568	23340.2	26580.2	3240	32000	245706	6.97118	0.272185	50122.5	3573.68	1.9557
3.64	96.7197	1782.03	1.26007	19457.3	1.74325	1.12954	868.908	370.48	0.367646	0.689447	0.883867	0.705739	0.310571	0.195634	0.169259	23350	26590	3240	32000	236492	6.99058	0.24287	50195.7	3307.76	1.95634
3.65	92.914	1782.85	1.25998	19443.2	1.74474	1.12833	868.841	370.626	0.367633	0.689227	0.883766	0.704962	0.298465	0.195709	0.16285	23361.3	26601.3	3240	32000	227297	7.01243	0.215067	50281	3042.52	1.95709
3.66	89.1135	1783.78	1.25987	19429.1	1.74644	1.12712	868.763	370.793	0.367619	0.688976	0.883666	0.704186	0.286382	0.195794	0.156453	23374.2	26614.2	3240	32000	218120	7.03674	0.188769	50378.2	2777.97	1.95794
3.67	85.3187	1784.83	1.25974	19414.8	1.74835	1.12593	868.676	370.981	0.367604	0.688693	0.883566	0.703412	0.274321	0.19589	0.150068	23388.7	26628.7	3240	32000	208961	7.06353	0.16397	50487.5	2514.12	1.9589
3.68	81.5305	1785.99	1.25961	19400.4	1.75047	1.12473	868.579	371.189	0.367586	0.68838	0.883467	0.702639	0.262283	0.195996	0.143695	23404.8	26644.8	3240	32000	199820	7.09282	0.140663	50608.7	2251	1.95996
3.69	77.7494	1787.27	1.25946	19385.9	1.7528	1.12354	868.473	371.419	0.367567	0.688035	0.883367	0.701867	0.250268	0.196113	0.137334	23422.4	26662.4	3240	32000	190697	7.12462	0.118842	50742	1988.62	1.96113
3.7	73.9763	1788.66	1.25929	19371.3	1.75535	1.12236	868.357	371.669	0.367547	0.687658	0.883268	0.701097	0.238277	0.19624	0.130986	23441.6	26681.6	3240	32000	181592	7.15894	0.098499	50887.2	1726.98	1.9624
3.71	70.2118	1790.16	1.25912	19356.6	1.75811	1.12118	868.231	371.941	0.367524	0.687251	0.88317	0.700329	0.22631	0.196378	0.124651	23462.4	26702.4	3240	32000	172504	7.19581	0.0796276	51044.4	1466.12	1.96378
3.72	66.4565	1791.78	1.25893	19341.8	1.76108	1.12001	868.095	372.233	0.3675	0.686811	0.883071	0.699563	0.214367	0.196525	0.118328	23484.8	26724.8	3240	32000	163433	7.23526	0.0622203	51213.5	1206.04	1.96525
3.73	62.7113	1793.51	1.25872	19326.8	1.76427	1.11884	867.95	372.547	0.367474	0.686341	0.882973	0.698798	0.202449	0.196683	0.112018	23508.7	26748.7	3240	32000	154380	7.27729	0.0462699	51394.6	946.757	1.96683
3.74	58.9767	1795.35	1.2585	19311.7	1.76767	1.11767	867.795	372.881	0.367446	0.685838	0.882875	0.698036	0.190555	0.196852	0.105721	23534.2	26774.2	3240	32000	145344	7.32194	0.0317686	51587.7	688.292	1.96852
3.75	55.2534	1797.31	1.25827	19296.6	1.77128	1.11651	867.63	373.238	0.367417	0.685304	0.882777	0.697276	0.178687	0.19703	0.0994379	23561.3	26801.3	3240	32000	136324	7.36922	0.0187086	51792.6	430.66	1.9703
3.76	51.5422	1799.38	1.25803	19281.2	1.77512	1.11536	867.455	373.615	0.367386	0.684737	0.882679	0.696519	0.166845	0.197219	0.0931678	23589.8	26829.8	3240	32000	127322	7.41917	0.0070821	52009.4	173.878	1.97219
3.77	47.8437	1801.57	1.25778	19265.8	1.77916	1.11421	867.271	374.011	0.367354	0.68417	0.882582	0.695764	0.15503	0.197419	0.0869116	23620.2	26860.2	3240	32000	118338	7.47156	-0.00311893	52238.1	-82.0304	1.97419
3.78	44.1588	1803.92	1.25751	19250.2	1.78343	1.11306	867.076	374.419	0.36732	0.683645	0.882485	0.695012	0.143246	0.197635	0.0806708	23652.8	26892.8	3240	32000	109374	7.52603	-0.0119011	52478.7	-336.987	1.97635
3.79	40.4883	1806.38	1.25724	19234.5	1.78791	1.11192	866.872	374.849	0.367285	0.683094	0.882389	0.694263	0.13149	0.197862	0.0744452	23686.9	26926.9	3240	32000	100428	7.5832	-0.0192746	52731.1	-590.996	1.97862
3.8	36.833	1808.96	1.25695	19218.6	1.79261	1.11079	866.658	375.299	0.367249	0.682515	0.882292	0.693517	0.119762	0.198098	0.0682346	23722.6	26962.6	3240	32000	91498.6	7.64309	-0.0252494	52995.4	-844.057	1.98098
3.81	33.1935	1811.65	1.25665	19202.6	1.79753	1.10966	866.433	375.771	0.36721	0.681909	0.882196	0.692774	0.108063	0.198346	0.062039	23759.8	26999.8	3240	32000	82587.2	7.70572	-0.029835	53271.4	-1096.16	1.98346
3.82	29.5706	1814.45	1.25634	19186.5	1.80267	1.10853	866.199	376.264	0.367171	0.681277	0.882101	0.692035	0.0963933	0.198603	0.0558587	23798.7	27038.7	3240	32000	73693.3	7.77113	-0.0330411	53559.2	-1347.28	1.98603
3.83	25.9649	1817.36	1.25601	19170.2	1.80803	1.10742	865.955	376.778	0.367129	0.680617	0.882005	0.691299	0.0847535	0.19887	0.0496939	23839	27079	3240	32000	64817.2	7.83936	-0.0348775	53858.8	-1597.4	1.9887
3.84	22.377	1820.39	1.25568	19153.8	1.81362	1.1063	865.7	377.313	0.367086	0.67993	0.88191	0.690567	0.0731442	0.199148	0.043545	23880.9	27120.9	3240	32000	55959	7.91042	-0.0353542	54170.1	-1846.5	1.99148
3.85	18.8078	1823.52	1.25533	19137.2	1.81942	1.10519	865.435	377.87	0.367042	0.679215	0.881815	0.689838	0.0615661	0.199435	0.0374123	23924.4	27164.4	3240	32000	47118.8	7.98437	-0.0344817	54493	-2094.56	1.99435
3.86	15.2578	1826.77	1.25496	19120.5	1.82545	1.10409	865.16	378.448	0.366996	0.678473	0.881721	0.689114	0.0500199	0.199733	0.031296	23969.3	27209.3	3240	32000	38296.9	8.06123	-0.0322707	54827.7	-2341.55	1.99733
3.87	11.7277	1830.13	1.25459	19103.6	1.83171	1.10299	864.875	379.048	0.366948	0.677704	0.881627	0.688393	0.0385063	0.20004	0.0251967	24015.8	27255.8	3240	32000	29493.5	8.14104	-0.0287321	55174	-2587.45	2.0004
3.88	8.21818	1833.59	1.2542	19086.6	1.83819	1.1019	864.58	379.67	0.366899	0.676906	0.881533	0.687677	0.0270261	0.200357	0.0191146	24063.8	27303.8	3240	32000	20708.8	8.22384	-0.0238774	55531.8	-2832.23	2.00357
3.89	4.7299	1837.17	1.25381	19069.4	1.84489	1.10081	864.274	380.314	0.366848	0.676081	0.881439	0.686965	0.01558	0.200684	0.0130501	24113.2	27353.2	3240	32000	11943.3	8.30967	-0.0177183	55901.3	-3075.88	2.00684
3.9	1.26351	1840.85	1.2534	19052	1.85183	1.09973	863.958	380.98	0.366796	0.675227	0.881346	0.686258	0.00416891	0.201021	0.00700364	24164.1	27404.1	3240	32000	3197.18	8.39858	-0.0102669	56282.3	-3318.36	2.01021
3.91	-2.18034	1844.64	1.25297	19034.5	1.85899	1.09855	863.631	381.668	0.366742	0.674346	0.881245	0.685555	-0.00720632	0.201367	0.00373815	24216.5	27456.5	3240	32000	-5529.07	8.4906	-0.00592172	56674.7	-3583.03	2.01367
3.92	-5.60101	1848.54	1.25254	19016.7	1.86638	1.09619	863.294	382.378	0.366687	0.673436	0.88104	0.684857	-0.0185448	0.201722	0.00373084	24270.4	27510.4	3240	32000	-14235	8.58578	-0.00679353	57078.7	-4115.72	2.01722
3.93	-8.99786	1852.54	1.25209	18998.8	1.87401	1.09249	863.542	383.11	0.36663	0.672498	0.880719	0.684164	-0.0298455	0.202087	0.0037177	24325.7	27565.7	3240	32000	-22920.3	8.68418	-0.00815751	57494.1	-4956.65	2.02087
3.94	-12.3703	1856.64	1.25164	18980.6	1.88186	1.08745	863.822	383.866	0.366572	0.671531	0.88028	0.683475	-0.0411076	0.202461	0.00369995	24382.4	27622.4	3240	32000	-31584.3	8.78584	-0.0100071	57920.8	-6106.89	2.02461
3.95	-15.7176	1860.85	1.25117	18962.3	1.88995	1.08108	864.11	384.643	0.366512	0.670535	0.87972	0.682792	-0.0523299	0.202844	0.00367767	24440.5	27680.5	3240	32000	-40226.5	8.89082	-0.0123357	58358.9	-7570.97	2.02844
3.96	-19.0392	1865.17	1.25069	18943.7	1.89828	1.07338	864.406	385.444	0.366451	0.669511	0.879038	0.682114	-0.0635114	0.203236	0.00365087	24500	27740	3240	32000	-48846.3	8.99917	-0.0151346	58808.4	-9355.07	2.03236
3.97	-22.3345	1869.58	1.2502	18924.8	1.90684	1.06437	864.711	386.268	0.366389	0.668457	0.878231	0.681442	-0.0746509	0.203637	0.00361957	24561	27801	3240	32000	-57443.1	9.11094	-0.0183936	59269.1	-11467	2.03637
3.98	-25.6029	1874.1	1.24969	18905.8	1.91563	1.05404	865.024	387.115	0.366325	0.667375	0.877295	0.680775	-0.0857474	0.204047	0.00358379	24623.2	27863.2	3240	32000	-66016.1	9.22618	-0.0221003	59741	-13916.2	2.04047
3.99	-28.8438	1878.71	1.24918	18886.4	1.92467	1.0424	865.346	387.986	0.366259	0.666263	0.876225	0.680114	-0.0967995	0.204465	0.00354355	24686.8	27926.8	3240	32000	-74564.8	9.34496	-0.0262404	60224	-16714.1	2.04465
4	-32.0566	1883.42	1.24865	18866.9	1.93394	1.02945	865.676	388.88	0.366192	0.665121	0.875018	0.679458	-0.107806	0.204892	0.00349887	24751.8	27991.8	3240	32000	-83088.2	9.46733	-0.0307975	60718.3	-19874	2.04892
4.01	-35.2407	1888.23	1.24812	18847	1.94346	1.0152	866.015	389.798	0.366124	0.66395	0.873667	0.678808	-0.118766	0.205327	0.00344977	24818	28058	3240	32000	-91585.6	9.59335	-0.0357529	61223.5	-23411.7	2.05327
4.02	-38.3955	1893.14	1.24757	18826.9	1.95322	0.999662	866.362	390.74	0.366055	0.662749	0.872167	0.678164	-0.129677	0.20577	0.00339628	24885.6	28125.6	3240	32000	-100056	9.72309	-0.0410856	61739.9	-27345.2	2.0577
4.03	-41.5205	1898.14	1.24701	18806.5	1.96322	0.982831	866.718	391.706	0.365984	0.661518	0.87051	0.677526	-0.140539	0.206221	0.00333841	24954.4	28194.4	3240	32000	-108499	9.85662	-0.0467721	62267.2	-31695.4	2.06221
4.04	-44.6151	1903.23	1.24644	18785.8	1.97347	0.964717	867.083	392.696	0.365911	0.660257	0.868689	0.676895	-0.15135	0.20668	0.00327619	25024.5	28264.5	3240	32000	-116913	9.99398	-0.0527862	62805.4	-36486.4	2.0668
4.05	-47.6787	1908.42	1.24586	18764.7	1.98396	0.945325	867.457	393.712	0.365837	0.658966	0.866696	0.67627	-0.162108	0.207147	0.00320965	25095.8	28335.8	3240	32000	-125297	10.1353	-0.0590988	63354.5	-41745.8	2.07147
4.06	-50.7109	1913.7	1.24527	18743.4	1.9947	0.924661	867.839	394.752	0.365762	0.657644	0.864522	0.675651	-0.172813	0.207622	0.00313879	25168.3	28408.3	3240	32000	-133651	10.2805	-0.0656778	63914.4	-47505.5	2.07622
4.07	-53.7111	1919.06	1.24467	18721.8	2.00569	0.902732	868.23	395.817	0.365686	0.656292	0.862157	0.675039	-0.183461	0.208103	0.00306366	25242	28482	3240	32000	-141972	10.4299	-0.0724876	64485.1	-53802.2	2.08103
4.08	-56.6787	1924.52	1.24406	18699.8	2.01693	0.879543	868.631	396.907	0.365608	0.654908	0.859589	0.674433	-0.194053	0.208592	0.00298428	25316.9	28556.9	3240	32000	-150261	10.5833	-0.0794893	65066.5	-60678	2.08592
4.09	-59.6133	1930.05	1.24344	18677.5	2.02842	0.855102	869.04	398.023	0.365529	0.653494	0.856808	0.673834	-0.204585	0.209088	0.00290067	25392.9	28632.9	3240	32000	-158515	10.741	-0.0866396	65658.5	-68182	2.09088
4.1	-62.5144	1935.7	1.24281	18654.9	2.04016	0.829414	869.458	399.159	0.365449	0.652082	0.853801	0.673242	-0.215061	0.209594	0.00281285	25470.4	28710.4	3240	32000	-166737	10.9025	-0.0938911	66261.1	-76371	2.09594
4.11	-65.3809	1941.61	1.2422	18631.8	2.05216	0.802485	869.885	400.285	0.365371	0.650874	0.850555	0.672657	-0.225497	0.21013	0.00272086	25551.9	28791.9	3240	32000	-174940	11.0657	-0.101192	66874.2	-85312	2.1013
4.12	-68.2115	1947.61	1.24157	18608.5	2.06442	0.77432	870.322	401.435	0.365291	0.64964	0.847054	0.672079	-0.235867	0.210673	0.0026247	25634.5	28874.5	3240	32000	-183104	11.2331	-0.108485	67497.8	-95083.5	2.10673
4.13	-71.0056	1953.7	1.24093	18584.8	2.07693	0.744926	870.767	402.609	0.36521	0.64838	0.843283	0.671509	-0.246171	0.211223	0.00252442	25718.4	28958.4	3240	32000	-191228	11.4048	-0.115706	68131.7	-105778	2.11223
4.14	-73.7627	1959.88	1.24029	18560.7	2.08971	0.714312	871.222	403.808	0.365128	0.647094	0.839225	0.670946	-0.256405	0.211781	0.00242005	25803.4	29043.4	3240	32000	-199311	11.581	-0.122785	68776	-117504	2.11781
4.15	-76.4823	1966.15	1.23964	18536.2	2.10274	0.682484	871.686	405.032	0.365045	0.645782	0.834862	0.670391	-0.266567	0.212346	0.0023116	25889.6	29129.6	3240	32000	-207349	11.7618	-0.129644	69430.5	-130395	2.12346
4.16	-79.1639	1972.49	1.23897	18511.3	2.11603	0.649452	872.159	406.281	0.36496	0.644443	0.830175	0.669844	-0.276656	0.212918	0.00219912	25976.9	29216.9	3240	32000	-215343	11.9471	-0.136196	70095.2	-144610	2.12918
4.17	-81.8069	1978.93	1.2383	18486	2.12959	0.615221	872.642	407.556	0.364875	0.643078	0.825144	0.669305	-0.28667	0.213496	0.00208264	26065.3	29305.3	3240	32000	-223290	12.1372	-0.142343	70769.9	-160344	2.13496
4.18	-84.411	1985.44	1.23762	18460.3	2.14341	0.579802	873.134	408.856	0.364788	0.641686	0.819747	0.668773	-0.296605	0.214081	0.00196218	26154.8	29394.8	3240	32000	-231188	12.332	-0.147978	71454.7	-177841	2.14081
4.19	-86.9756	1992.03	1.23693	18434.2	2.1575	0.543203	873.636	410.181	0.364701	0.640268	0.813961	0.66825	-0.306461	0.214672	0.00183779	26245.3	29485.3	3240	32000	-239037	12.5316	-0.152976	72149.3	-197407	2.14672
4.2	-89.5003	1998.69	1.23624	18407.6	2.17186	0.505432	874.147	411.533	0.364612	0.638823	0.80776	0.667735	-0.316235	0.21527	0.00170951	26336.8	29576.8	3240	32000	-246833	12.7363	-0.157198	72853.9	-219435	2.1527
4.21	-91.9847	2005.44	1.23554	18380.6	2.18648	0.466499	874.667	412.911	0.364523	0.63735	0.801119	0.667228	-0.325923	0.215873	0.00157735	26429.3	29669.3	3240	32000	-254575	12.946	-0.160479	73568.2	-244438	2.15873
4.22	-94.4283	2012.25	1.23482	18353.2	2.20137	0.426412	875.197	414.315	0.364432	0.635851	0.79401	0.666729	-0.335525	0.216482	0.00144137	26522.7	29762.7	3240	32000	-262262	13.1608	-0.162631	74292.1	-273105	2.16482
4.23	-96.8307	2019.14	1.2341	18325.3	2.21654	0.385182	875.737	415.747	0.364341	0.634324	0.786402	0.666239	-0.345038	0.217096	0.0013016	26617	29857	3240	32000	-269891	13.3809	-0.163425	75025.6	-306382	2.17096
4.24	-99.1915	2026.09	1.23338	18297	2.23197	0.342818	876.287	417.205	0.364248	0.63277	0.778266	0.665757	-0.354459	0.217716	0.00115809	26712.3	29952.3	3240	32000	-277461	13.6063	-0.162583	75768.7	-345623	2.17716
4.25	-101.51	2033.11	1.23264	18268.1	2.24768	0.299295	878.376	418.69	0.364155	0.631188	0.76956	0.665284	-0.363785	0.21834	0.00100986	26808.4	30048.4	3240	32000	-284968	13.8371	-0.159889	76521.1	-393574	2.1834
4.26	-103.787	2040.2	1.2319	18238.8	2.26367	0.254574	880.65	420.203	0.36406	0.629579	0.760237	0.664819	-0.373015	0.218969	0.000857851	26905.3	30145.3	3240	32000	-292412	14.0735	-0.154729	77282.9	-453131	2.18969
4.27	-106.021	2047.35	1.23115	18209.1	2.27993	0.208657	882.963	421.744	0.363965	0.627941	0.750256	0.664363	-0.382146	0.219602	0.000702202	27002.9	30242.9	3240	32000	-299790	14.3156	-0.146409	78053.9	-529908	2.19602
4.28	-108.211	2054.55	1.23039	18178.8	2.29646	0.161551	885.316	423.313	0.363869	0.626276	0.739575	0.663916	-0.391175	0.22024	0.000542951	27101.4	30341.4	3240	32000	-307100	14.5634	-0.133894	78834	-634745	2.2024
4.29	-110.358	2062.12	1.22966	18148	2.31328	0.113258	887.708	424.848	0.363775	0.624892	0.728145	0.663478	-0.400167	0.22092	0.000380131	27205.3	30445.3	3240	32000	-314395	14.8123	-0.115397	79623.1	-792296	2.2092
4.3	-112.459	2069.82	1.22893	18116.8	2.33037	0.0637766	890.14	426.395	0.363682	0.623551	0.715917	0.663049	-0.409064	0.221613	0.000213763	27311.2	30551.2	3240	32000	-321627	15.0659	-0.0870929	80421.1	-1.07966e+06	2.21613
4.31	-114.514	2077.6	1.22819	18085.1	2.34775	0.0131136	892.612	427.967	0.363588	0.622189	0.702839	0.66263	-0.41785	0.222311	4.38924e-05	27418	30658	3240	32000	-328783	15.3252	-0.0347075	81228	-2.13067e+06	2.22311
